$SPEC_ID:
No sample description was entered.
$SPEC_REM:
DET# 1
DETDESC# DESKTOP-95CNEVU Easy-MCA-2k SN 16145343
AP# Maestro Version 7.01
$DATE_MEA:
04/21/2023 08:09:35
$MEAS_TIM:
10888 10967
$DATA:
0 2047
       0
       0
       0
       1
       0
       0
       1
       0
       0
       0
       0
       0
       0
       0
       0
       0
       0
       0
       0
       0
       0
       1
      12
    7731
  470245
  461229
  375862
  308889
  258840
  217805
  187467
  162274
  143209
  128587
  116050
  105992
   97917
   90747
   84660
   79676
   76158
   72123
   68450
   65348
   62982
   60671
   58035
   56143
   54367
   52611
   50772
   49021
   47777
   46379
   44694
   43403
   41448
   40571
   39441
   38322
   37322
   36421
   35232
   34339
   33139
   32086
   31262
   30332
   29602
   28716
   27684
   27021
   26226
   25872
   24506
   24272
   23569
   22933
   22347
   21421
   21297
   20719
   20450
   20133
   19283
   19144
   18592
   18413
   18341
   17670
   17270
   17440
   17022
   17027
   16607
   16465
   16391
   15806
   15914
   15582
   15743
   15320
   15172
   14924
   14720
   14471
   14485
   14005
   14011
   13340
   13353
   13102
   12745
   12632
   12282
   12094
   12045
   11431
   11283
   11023
   10874
   10470
   10523
   10087
    9703
    9641
    9288
    9018
    8906
    8737
    8334
    8254
    8073
    7972
    7588
    7428
    7337
    7076
    7023
    6903
    6900
    6571
    6448
    6352
    6294
    6161
    6092
    5894
    5843
    5778
    5602
    5577
    5471
    5388
    5263
    5297
    5146
    4915
    5097
    5053
    4848
    4787
    4726
    4658
    4698
    4577
    4620
    4505
    4440
    4330
    4404
    4320
    4267
    4284
    4281
    4198
    4061
    4095
    4219
    4017
    3792
    3890
    3899
    3839
    3842
    3756
    3789
    3688
    3724
    3666
    3679
    3588
    3591
    3615
    3534
    3432
    3470
    3540
    3350
    3453
    3427
    3359
    3294
    3307
    3252
    3242
    3218
    3173
    3146
    3044
    3151
    3195
    3025
    3059
    3072
    3040
    3028
    2921
    2932
    3011
    2912
    2898
    2857
    2956
    2927
    2873
    2714
    2879
    2923
    2793
    2862
    2789
    2752
    2772
    2832
    2793
    2749
    2759
    2744
    2704
    2686
    2657
    2718
    2665
    2701
    2818
    2657
    2682
    2554
    2731
    2639
    2671
    2598
    2724
    2658
    2738
    2736
    2579
    2616
    2625
    2641
    2616
    2605
    2687
    2665
    2513
    2578
    2588
    2663
    2596
    2678
    2553
    2624
    2588
    2509
    2621
    2591
    2586
    2555
    2525
    2495
    2507
    2497
    2461
    2474
    2479
    2530
    2498
    2484
    2453
    2409
    2506
    2368
    2346
    2422
    2484
    2432
    2430
    2323
    2453
    2277
    2359
    2317
    2335
    2325
    2420
    2243
    2304
    2363
    2358
    2322
    2373
    2346
    2402
    2274
    2325
    2312
    2275
    2291
    2268
    2189
    2286
    2247
    2238
    2260
    2270
    2292
    2303
    2262
    2229
    2263
    2255
    2232
    2204
    2285
    2197
    2259
    2219
    2238
    2256
    2229
    2300
    2288
    2275
    2149
    2331
    2325
    2357
    2305
    2247
    2268
    2308
    2222
    2300
    2366
    2238
    2227
    2340
    2318
    2281
    2309
    2372
    2322
    2381
    2428
    2387
    2341
    2388
    2325
    2347
    2382
    2400
    2333
    2363
    2346
    2428
    2269
    2516
    2392
    2379
    2419
    2452
    2449
    2376
    2372
    2426
    2373
    2424
    2404
    2362
    2382
    2321
    2375
    2361
    2327
    2290
    2331
    2305
    2340
    2302
    2239
    2285
    2299
    2288
    2269
    2301
    2192
    2201
    2184
    2235
    2216
    2060
    2151
    2193
    2094
    2180
    2080
    2102
    2044
    2030
    2023
    2051
    2041
    2084
    2002
    2025
    1974
    2008
    1919
    1956
    1952
    1958
    1957
    2002
    1926
    1867
    1830
    1987
    1967
    1960
    1914
    1967
    1918
    1933
    2040
    1953
    1961
    1993
    2017
    2034
    1995
    2057
    2067
    2076
    2054
    2066
    2152
    2125
    2180
    2211
    2244
    2258
    2271
    2240
    2361
    2313
    2358
    2355
    2408
    2429
    2472
    2518
    2657
    2515
    2601
    2546
    2651
    2635
    2681
    2616
    2712
    2764
    2762
    2750
    2722
    2779
    2846
    2845
    2981
    2882
    2938
    2882
    2983
    2847
    2871
    2867
    2930
    2996
    2832
    2848
    2954
    2836
    2838
    2802
    2839
    2745
    2733
    2752
    2854
    2766
    2800
    2710
    2698
    2649
    2553
    2653
    2493
    2430
    2445
    2532
    2398
    2338
    2394
    2307
    2237
    2221
    2204
    2190
    2134
    2053
    1927
    2016
    1929
    1870
    1829
    1855
    1767
    1659
    1637
    1671
    1524
    1553
    1528
    1405
    1477
    1380
    1337
    1281
    1293
    1218
    1223
    1184
    1141
    1091
    1010
    1078
    1005
     959
     968
     943
     934
     914
     887
     817
     817
     742
     763
     749
     728
     756
     698
     665
     713
     666
     646
     621
     655
     602
     538
     586
     609
     569
     578
     546
     505
     530
     534
     488
     483
     489
     482
     475
     519
     454
     458
     470
     450
     438
     462
     429
     448
     422
     437
     435
     403
     410
     426
     415
     425
     398
     401
     425
     394
     401
     413
     399
     393
     394
     395
     369
     412
     399
     388
     364
     353
     368
     409
     381
     414
     412
     360
     373
     370
     371
     379
     393
     367
     377
     410
     377
     393
     373
     373
     399
     389
     421
     353
     389
     356
     355
     368
     359
     405
     361
     385
     358
     370
     330
     392
     357
     345
     373
     398
     358
     384
     396
     367
     369
     351
     358
     399
     362
     373
     407
     396
     344
     379
     393
     427
     378
     375
     347
     351
     378
     361
     377
     423
     413
     390
     416
     396
     411
     383
     403
     412
     385
     386
     399
     410
     383
     377
     411
     392
     437
     380
     442
     422
     374
     430
     394
     411
     397
     447
     439
     440
     414
     409
     439
     420
     439
     419
     434
     438
     416
     405
     413
     414
     469
     435
     461
     444
     467
     441
     476
     434
     431
     447
     434
     470
     492
     453
     466
     442
     484
     483
     470
     464
     456
     452
     507
     483
     481
     456
     502
     498
     540
     498
     523
     474
     519
     477
     483
     500
     512
     488
     502
     489
     534
     495
     512
     509
     518
     532
     510
     478
     495
     516
     495
     543
     553
     545
     493
     496
     509
     486
     584
     515
     526
     517
     504
     509
     518
     501
     580
     504
     507
     525
     553
     509
     526
     520
     530
     501
     533
     529
     523
     568
     519
     488
     573
     538
     542
     550
     550
     517
     573
     617
     556
     533
     542
     565
     570
     571
     592
     573
     550
     582
     578
     605
     565
     586
     594
     590
     573
     576
     585
     573
     626
     575
     579
     606
     615
     567
     565
     594
     580
     584
     621
     612
     624
     642
     601
     640
     610
     649
     613
     657
     605
     613
     630
     625
     628
     674
     601
     654
     650
     642
     655
     616
     632
     640
     644
     625
     645
     703
     613
     655
     660
     642
     659
     654
     704
     639
     636
     613
     652
     635
     657
     644
     665
     660
     653
     665
     625
     648
     634
     635
     637
     630
     638
     641
     620
     611
     633
     576
     616
     608
     596
     597
     605
     618
     623
     596
     609
     654
     573
     584
     624
     623
     565
     587
     588
     583
     548
     630
     590
     586
     583
     614
     595
     544
     557
     550
     501
     596
     587
     562
     556
     537
     524
     554
     575
     514
     555
     549
     541
     558
     525
     531
     547
     557
     547
     542
     539
     510
     549
     483
     550
     565
     551
     503
     546
     496
     553
     512
     526
     499
     488
     501
     514
     550
     497
     509
     493
     532
     487
     506
     476
     476
     548
     475
     447
     514
     496
     510
     502
     518
     476
     485
     511
     488
     486
     472
     494
     435
     525
     457
     542
     462
     460
     477
     488
     467
     461
     413
     408
     418
     442
     458
     422
     438
     403
     386
     415
     400
     375
     426
     383
     424
     381
     385
     389
     360
     385
     390
     355
     353
     335
     350
     342
     356
     352
     345
     342
     306
     315
     305
     312
     286
     316
     308
     321
     285
     279
     307
     298
     277
     259
     264
     245
     256
     259
     242
     231
     241
     236
     243
     207
     220
     223
     250
     199
     226
     207
     180
     187
     185
     169
     185
     173
     181
     177
     170
     157
     157
     171
     139
     133
     146
     133
     117
     144
     125
     113
     147
     115
     107
     114
     123
     121
     133
      95
     122
     123
     100
     115
     111
     110
      95
     102
     102
      89
     114
      96
      84
     104
      85
      99
      75
      86
      81
      83
      75
      91
      94
      65
      77
      78
      79
      67
      91
      78
      75
      68
      60
      68
      82
      59
      61
      84
      69
      72
      71
      62
      74
      68
      68
      59
      60
      61
      63
      70
      51
      63
      62
      56
      63
      63
      66
      59
      72
      66
      52
      77
      67
      75
      60
      53
      73
      67
      67
      63
      70
      54
      54
      55
      56
      70
      67
      64
      70
      59
      56
      66
      63
      61
      58
      72
      57
      66
      59
      52
      62
      64
      62
      55
      40
      56
      68
      63
      62
      51
      62
      54
      60
      53
      56
      45
      49
      62
      55
      59
      50
      61
      64
      55
      57
      63
      47
      42
      54
      68
      41
      59
      62
      46
      64
      58
      61
      59
      55
      70
      60
      52
      49
      53
      73
      64
      53
      58
      53
      62
      51
      51
      72
      55
      49
      56
      55
      50
      54
      55
      58
      52
      60
      68
      56
      54
      61
      51
      57
      38
      47
      60
      56
      48
      68
      55
      73
      64
      51
      51
      54
      39
      52
      65
      60
      62
      50
      58
      81
      54
      57
      52
      64
      47
      52
      60
      53
      54
      64
      47
      57
      71
      60
      60
      58
      67
      41
      63
      68
      49
      69
      48
      57
      60
      45
      55
      54
      44
      53
      49
      52
      56
      40
      59
      62
      72
      45
      54
      50
      56
      63
      51
      58
      60
      53
      50
      40
      47
      61
      38
      57
      59
      53
      51
      56
      49
      47
      56
      45
      53
      46
      47
      57
      50
      59
      50
      46
      59
      40
      47
      48
      48
      53
      55
      38
      63
      62
      54
      53
      50
      54
      55
      57
      50
      54
      51
      59
      50
      55
      44
      38
      59
      40
      45
      44
      44
      54
      49
      51
      52
      45
      54
      59
      48
      59
      48
      41
      34
      41
      67
      51
      47
      58
      33
      36
      50
      48
      35
      57
      50
      40
      38
      43
      37
      51
      35
      47
      46
      52
      34
      51
      50
      44
      37
      35
      34
      34
      32
      50
      41
      42
      44
      44
      42
      32
      44
      32
      31
      43
      41
      40
      42
      48
      50
      36
      34
      31
      40
      28
      38
      37
      43
      38
      45
      32
      38
      34
      45
      36
      29
      35
      38
      36
      40
      34
      30
      27
      31
      42
      45
      26
      34
      33
      34
      36
      29
      26
      29
      40
      27
      32
      28
      24
      40
      24
      33
      29
      27
      43
      24
      31
      24
      31
      42
      25
      29
      31
      32
      18
      33
      32
      27
      25
      37
      33
      38
      29
      34
      33
      29
      35
      33
      35
      34
      34
      21
      21
      27
      30
      36
      25
      35
      21
      33
      37
      35
      34
      28
      34
      27
      22
      25
      24
      24
      36
      36
      20
      18
      32
      33
      40
      28
      35
      25
      23
      35
      26
      26
      23
      34
      29
      22
      29
      25
      37
      28
      32
      24
      30
      34
      16
      22
      26
      23
      25
      30
      24
      23
      22
      22
      17
      26
      19
      16
      22
      24
      25
      29
      19
      31
      24
      24
      28
      23
      22
      33
      30
      26
      24
      28
      25
      22
      22
      23
      19
      19
      17
      23
      21
      18
      20
      21
      22
      19
      31
      18
      18
      19
      25
      22
      30
      25
      28
      22
      23
      23
      25
      17
      20
      25
      16
      28
      23
      23
      22
      14
      23
      15
      20
      20
      11
      29
      19
      19
      19
      32
      19
      19
      14
      15
      15
      26
      22
      18
      14
      19
      22
      21
      21
      17
      16
      14
      10
       9
      24
      15
      17
      24
      21
      22
      19
      17
      10
      26
      15
      15
      11
      19
      17
      19
      13
      14
      15
      12
      10
      12
      17
      17
      14
      12
      20
      15
      12
      16
       9
      19
      14
      13
      10
      14
       8
      14
      14
      16
      21
      16
      12
      14
      10
      24
      17
      14
      21
      12
      11
      10
      14
      14
      11
      17
      15
      15
       9
      19
      22
       9
       8
      17
      14
       9
      11
       8
       9
      19
      13
      20
       9
      14
      11
      12
      15
      10
      12
      15
       9
      11
      16
      15
      10
      15
      10
      13
      10
      10
      15
       9
       9
      14
      10
      13
      14
      13
       7
      17
      14
      16
      14
      13
       9
       7
      16
      10
       8
      16
      16
       6
      10
      14
      10
      11
      10
       7
      12
       4
       5
      14
      12
       8
      10
      16
      13
      10
       9
       4
       8
      11
       9
       6
       9
      10
      14
       7
      12
       5
       2
       7
      12
       7
       3
      11
      13
       9
       6
       8
       7
       8
       4
       7
      11
      10
      10
      10
      13
       3
      10
       7
       6
      10
       4
       0
       9
       8
       5
       5
       7
       8
       9
       8
       9
      10
       7
       6
       8
      11
       8
      11
       7
       3
      10
       4
       5
       7
      13
      10
       6
       5
      10
       4
       9
       4
       9
       9
      11
       3
       8
       9
       8
       5
       9
       7
       9
      10
       9
      10
       2
      10
       4
       4
       6
      14
       3
       9
      12
       5
       5
       8
      10
       7
       6
       4
       8
       5
       3
       7
       6
       5
       6
       5
       5
      10
       5
       7
       7
       6
       7
       6
       3
       6
       2
       5
       1
       3
       4
       9
       7
       9
       4
       4
       2
      10
       4
       8
       3
       4
       3
       3
       5
       9
       5
      11
       6
       5
       5
       6
       3
       9
       9
       4
       3
       5
       4
       1
       6
       6
       2
       8
       5
       5
       4
       4
       2
       5
       4
       7
       5
       3
       3
       8
       5
       4
       9
       3
       5
       8
       4
       6
       6
       6
       5
       4
       6
       8
       4
       4
       5
       3
       9
       5
       7
       6
       3
       6
       3
       3
      10
       2
       4
       5
       4
       3
       3
       3
       1
       4
       4
       6
       4
       7
       5
       3
       3
       2
       4
       4
       0
       2
       3
       4
       6
       5
       4
       2
       1
       5
       4
       6
       2
       0
       2
       3
       3
       3
       4
       8
       0
       5
       3
       3
       1
       4
       2
       4
       2
       4
       5
       3
       5
       2
       2
       3
       0
       0
       0
       0
       0
       0
       0
       0
       0
       0
       0
       0
       0
       0
       0
       0
       0
       0
       0
       0
       0
       0
       0
       0
       0
       0
       0
       0
       0
       0
       0
       0
       0
       0
       0
       0
$ROI:
1
435 560
$PRESETS:
None
0
0
$ENER_FIT:
0.000000 4.448015
$MCA_CAL:
3
0.000000E+000 4.448015E+000 0.000000E+000 keV
$SHAPE_CAL:
3
6.652747E+001 0.000000E+000 0.000000E+000
