$SPEC_ID:
No sample description was entered.
$SPEC_REM:
DET# 1
DETDESC# KFLABB4 Easy-MCA-8k SN 09022236
AP# Maestro Version 6.08
$DATE_MEA:
05/07/2024 10:34:30
$MEAS_TIM:
1201 1250
$DATA:
0 8191
       0
       0
       0
       0
       0
       0
       0
       0
       0
       0
       0
       0
       0
       0
       0
       0
       0
       0
       0
       0
       0
       0
       0
       0
       0
       0
       0
       0
       0
       0
       0
       0
       0
       0
       0
       0
       0
       0
       0
       0
       0
       0
       0
       0
       0
       0
       0
       0
       0
       0
       0
       0
       0
       0
       0
       0
       0
       0
       0
       0
       0
       0
       0
       0
       0
       0
       0
       0
       0
       0
       0
       0
       0
       1
       6
      22
      32
     126
     930
    3644
    5689
    6174
    6414
    6801
    7055
    6969
    6993
    6755
    6479
    6339
    6146
    6092
    5951
    6044
    6079
    6242
    6298
    6386
    6574
    6917
    7290
    7557
    8209
    9230
   10834
   13047
   17178
   23413
   31821
   41208
   49379
   54110
   53367
   47767
   39138
   30319
   22260
   16944
   14744
   14036
   15094
   16876
   18483
   19362
   18561
   16920
   14800
   12243
   10108
    8455
    7413
    6661
    6138
    5918
    5685
    5693
    5542
    5518
    5543
    5506
    5537
    5597
    5469
    5355
    5564
    5473
    5348
    5393
    5451
    5450
    5424
    5479
    5422
    5512
    5462
    5514
    5435
    5470
    5452
    5459
    5464
    5402
    5343
    5406
    5456
    5380
    5536
    5356
    5510
    5460
    5508
    5458
    5530
    5555
    5481
    5483
    5506
    5578
    5483
    5524
    5627
    5616
    5548
    5585
    5606
    5560
    5690
    5597
    5624
    5639
    5798
    5641
    5602
    5682
    5774
    5600
    5657
    5583
    5855
    5697
    5681
    5748
    5692
    5795
    5593
    5731
    5718
    5556
    5946
    5763
    5808
    5880
    5864
    5996
    6016
    6336
    6695
    7425
    7910
    8913
    9714
   10234
   10827
   11567
   12167
   12615
   12919
   12686
   11821
   10835
    9609
    8058
    7210
    6758
    6307
    5892
    5729
    5665
    5445
    5640
    5591
    5461
    5480
    5422
    5543
    5572
    5627
    5758
    6020
    6494
    6845
    7427
    7816
    8202
    8122
    8154
    7676
    7281
    7174
    6743
    6601
    6462
    6247
    6090
    5710
    5681
    5481
    5261
    5296
    5281
    5382
    5175
    5210
    5219
    5248
    5100
    5276
    5360
    5326
    5234
    5227
    5217
    5222
    5219
    5297
    5341
    5219
    5294
    5204
    5050
    5251
    5290
    5160
    5147
    5271
    5227
    5253
    5284
    5189
    5192
    5154
    5213
    5219
    5100
    5278
    5238
    5318
    5140
    5137
    5184
    5183
    5267
    5234
    5270
    5199
    5312
    5145
    5227
    5194
    5403
    5296
    5249
    5227
    5344
    5196
    5243
    5299
    5227
    5234
    5359
    5283
    5279
    5363
    5424
    5284
    5314
    5237
    5337
    5340
    5385
    5496
    5309
    5322
    5339
    5449
    5365
    5439
    5494
    5460
    5381
    5467
    5501
    5453
    5526
    5475
    5419
    5360
    5451
    5423
    5534
    5473
    5463
    5380
    5367
    5430
    5469
    5367
    5460
    5472
    5584
    5486
    5484
    5363
    5552
    5404
    5566
    5532
    5586
    5406
    5452
    5453
    5470
    5531
    5529
    5482
    5561
    5567
    5407
    5486
    5711
    5400
    5511
    5525
    5599
    5521
    5614
    5586
    5688
    5493
    5528
    5586
    5557
    5487
    5434
    5573
    5714
    5559
    5616
    5552
    5503
    5493
    5608
    5602
    5526
    5623
    5591
    5546
    5515
    5588
    5688
    5599
    5625
    5648
    5630
    5692
    5526
    5720
    5604
    5553
    5551
    5618
    5629
    5653
    5594
    5834
    5631
    5579
    5457
    5594
    5664
    5728
    5419
    5627
    5599
    5454
    5740
    5599
    5613
    5714
    5616
    5573
    5622
    5559
    5550
    5750
    5758
    5672
    5665
    5781
    5550
    5655
    5766
    5820
    5622
    5793
    5652
    5707
    5527
    5733
    5621
    5687
    5801
    5679
    5693
    5736
    5779
    5779
    5681
    5807
    5674
    5686
    5717
    5744
    5837
    5708
    5805
    5863
    5765
    5888
    5872
    5801
    5591
    5796
    5804
    5691
    5823
    5881
    5715
    5808
    5933
    6138
    5757
    5934
    5867
    5928
    5848
    5820
    5891
    6059
    5816
    6064
    5997
    6128
    6082
    6101
    6144
    6190
    6234
    6369
    6358
    6432
    6528
    6649
    6806
    6636
    6928
    6784
    6822
    7080
    7118
    7055
    7230
    7086
    7123
    7025
    6939
    7044
    7049
    6987
    6861
    7083
    7047
    7012
    7015
    7025
    6744
    6916
    7113
    6925
    6974
    7059
    6893
    6866
    6852
    6999
    6975
    6801
    6828
    6740
    6797
    6944
    6764
    6741
    6727
    6835
    6713
    6953
    6684
    6662
    6693
    6712
    6658
    6663
    6705
    6642
    6494
    6544
    6588
    6675
    6462
    6672
    6403
    6362
    6433
    6578
    6511
    6408
    6470
    6430
    6462
    6314
    6225
    6341
    6412
    6303
    6211
    6380
    6450
    6355
    6341
    6304
    6207
    6277
    6134
    6330
    6112
    6163
    6203
    6237
    6147
    6099
    6105
    6077
    6089
    6140
    6168
    6196
    6120
    6105
    6122
    5991
    6141
    5973
    6020
    5967
    5967
    5961
    5996
    6014
    5986
    6023
    5983
    5911
    5988
    5981
    5993
    5945
    5826
    5844
    5912
    5892
    5956
    5985
    5744
    5953
    5942
    5858
    5839
    6023
    5833
    5697
    5976
    5861
    6023
    5843
    5895
    5791
    5823
    5951
    5797
    5897
    5825
    5875
    5787
    5886
    5731
    5879
    5797
    5774
    5937
    5790
    5877
    5921
    5818
    5807
    5783
    5966
    5756
    5846
    5787
    5947
    5732
    5806
    5713
    5828
    5892
    5796
    5870
    5943
    5848
    5754
    5857
    5775
    5767
    5770
    5720
    5739
    5771
    5702
    5724
    5685
    5742
    5730
    5731
    5693
    5769
    5700
    5808
    5741
    5719
    5824
    5747
    5652
    5785
    5754
    5809
    5783
    5671
    5630
    5597
    5755
    5699
    5709
    5645
    5758
    5546
    5668
    5670
    5749
    5642
    5631
    5565
    5648
    5749
    5585
    5587
    5685
    5739
    5651
    5572
    5574
    5689
    5641
    5652
    5530
    5665
    5565
    5613
    5629
    5722
    5614
    5694
    5545
    5483
    5610
    5620
    5667
    5560
    5477
    5424
    5442
    5679
    5564
    5648
    5531
    5625
    5493
    5616
    5453
    5443
    5592
    5630
    5629
    5376
    5441
    5429
    5393
    5475
    5469
    5569
    5461
    5414
    5520
    5553
    5475
    5549
    5581
    5415
    5517
    5358
    5442
    5283
    5492
    5405
    5546
    5562
    5486
    5447
    5508
    5407
    5474
    5509
    5442
    5383
    5387
    5386
    5536
    5374
    5535
    5513
    5538
    5419
    5346
    5439
    5391
    5501
    5306
    5421
    5281
    5346
    5330
    5469
    5505
    5283
    5446
    5383
    5415
    5340
    5357
    5361
    5388
    5362
    5406
    5524
    5399
    5399
    5263
    5366
    5381
    5452
    5324
    5442
    5211
    5393
    5400
    5406
    5345
    5294
    5382
    5269
    5304
    5335
    5249
    5378
    5372
    5396
    5302
    5400
    5372
    5216
    5363
    5495
    5367
    5268
    5379
    5528
    5297
    5266
    5327
    5289
    5340
    5297
    5323
    5302
    5287
    5361
    5377
    5316
    5343
    5404
    5356
    5408
    5409
    5345
    5310
    5271
    5350
    5280
    5385
    5235
    5280
    5338
    5457
    5336
    5306
    5252
    5435
    5422
    5389
    5283
    5408
    5584
    5139
    5411
    5343
    5403
    5478
    5454
    5320
    5365
    5406
    5366
    5269
    5455
    5396
    5287
    5477
    5288
    5431
    5406
    5230
    5432
    5360
    5487
    5320
    5413
    5304
    5347
    5363
    5478
    5451
    5404
    5465
    5455
    5334
    5383
    5420
    5407
    5498
    5415
    5384
    5515
    5434
    5397
    5408
    5382
    5358
    5513
    5365
    5548
    5494
    5301
    5295
    5424
    5406
    5475
    5516
    5402
    5479
    5586
    5503
    5479
    5548
    5344
    5567
    5464
    5518
    5456
    5409
    5521
    5504
    5511
    5667
    5515
    5481
    5573
    5391
    5488
    5547
    5492
    5489
    5565
    5476
    5553
    5564
    5539
    5538
    5568
    5413
    5536
    5574
    5619
    5546
    5782
    5438
    5423
    5402
    5469
    5542
    5598
    5589
    5698
    5709
    5679
    5645
    5613
    5830
    5644
    5562
    5621
    5653
    5619
    5805
    5735
    5672
    5469
    5761
    5685
    5661
    5664
    5566
    5640
    5732
    5708
    5619
    5827
    5737
    5708
    5790
    5603
    5791
    5663
    5644
    5801
    5819
    5796
    5810
    5735
    5714
    5643
    5801
    5727
    5802
    5775
    5812
    5818
    5775
    5797
    5856
    5758
    5742
    5863
    5749
    5838
    5908
    5851
    5850
    5869
    5884
    5859
    5919
    5849
    5908
    5892
    6055
    5878
    6013
    5899
    5999
    5821
    5878
    5913
    5896
    5971
    6043
    5942
    6048
    5930
    6020
    6131
    5950
    5965
    6060
    6060
    6185
    6068
    5993
    6029
    6182
    6091
    6225
    6118
    6177
    6207
    6148
    6140
    6166
    6189
    6126
    6242
    6034
    6154
    6174
    6184
    6275
    6331
    6210
    6263
    6176
    6361
    6284
    6244
    6184
    6377
    6315
    6381
    6273
    6295
    6379
    6342
    6326
    6481
    6311
    6424
    6323
    6364
    6440
    6575
    6418
    6328
    6591
    6651
    6427
    6554
    6485
    6638
    6490
    6478
    6653
    6643
    6512
    6712
    6546
    6569
    6690
    6758
    6727
    6770
    6744
    6551
    6671
    6829
    6796
    6771
    6945
    6667
    6926
    7037
    6945
    6848
    6856
    6889
    6856
    6828
    6929
    6937
    7062
    7060
    7117
    7138
    7098
    6932
    7253
    7071
    6992
    7169
    7205
    7063
    7171
    7130
    7260
    7284
    7053
    7312
    7244
    7226
    7319
    7279
    7479
    7292
    7363
    7364
    7555
    7549
    7490
    7344
    7378
    7503
    7493
    7399
    7548
    7464
    7385
    7549
    7690
    7631
    7596
    7711
    7560
    7476
    7724
    7720
    7835
    7683
    7738
    7690
    7737
    7677
    7767
    7728
    7804
    7909
    7835
    7778
    7831
    8045
    7982
    7923
    8160
    8091
    8127
    7962
    7984
    8007
    8213
    8065
    8076
    8127
    8298
    8108
    8183
    8340
    8125
    8286
    8176
    8150
    8306
    8397
    8345
    8199
    8201
    8468
    8341
    8501
    8469
    8447
    8543
    8398
    8342
    8464
    8612
    8636
    8479
    8516
    8558
    8552
    8438
    8421
    8666
    8476
    8664
    8620
    8599
    8769
    8691
    8663
    8664
    8741
    8751
    8683
    8632
    8482
    8770
    8463
    8705
    8511
    8619
    8600
    8594
    8461
    8334
    8450
    8495
    8284
    8313
    8388
    8125
    8087
    8204
    8082
    7994
    7946
    7774
    7714
    7514
    7474
    7322
    7299
    7077
    7047
    6881
    6910
    6712
    6669
    6388
    6283
    6358
    6143
    6057
    5911
    5792
    5630
    5609
    5498
    5318
    5363
    5265
    5114
    5121
    5002
    5019
    4978
    4987
    4869
    4712
    4787
    4796
    4734
    4720
    4559
    4469
    4555
    4486
    4348
    4557
    4462
    4421
    4385
    4324
    4361
    4299
    4369
    4268
    4257
    4224
    4397
    4185
    4070
    4161
    4121
    4186
    3955
    3954
    4080
    4129
    3972
    4042
    3989
    3992
    3936
    3902
    3871
    3913
    3745
    3862
    3906
    3809
    3813
    3903
    3708
    3805
    3643
    3673
    3820
    3584
    3588
    3652
    3567
    3603
    3635
    3492
    3523
    3530
    3471
    3479
    3477
    3449
    3324
    3494
    3564
    3424
    3305
    3480
    3425
    3344
    3355
    3348
    3329
    3336
    3308
    3231
    3233
    3247
    3252
    3231
    3213
    3147
    3211
    3138
    3171
    3117
    3101
    3026
    3029
    3101
    3073
    3132
    3037
    2921
    2966
    3037
    2895
    2919
    2886
    2844
    2802
    2886
    2857
    2798
    2827
    2758
    2687
    2728
    2731
    2730
    2750
    2649
    2634
    2663
    2630
    2641
    2631
    2663
    2518
    2571
    2567
    2468
    2529
    2516
    2497
    2403
    2464
    2443
    2452
    2443
    2475
    2443
    2364
    2421
    2297
    2372
    2275
    2342
    2255
    2223
    2265
    2213
    2281
    2191
    2190
    2137
    2185
    2184
    2158
    2117
    2123
    2113
    2075
    2001
    2007
    2027
    2010
    2002
    1957
    1953
    1852
    1898
    1896
    1819
    1897
    1903
    1904
    1958
    1862
    1873
    1826
    1755
    1826
    1682
    1766
    1746
    1745
    1705
    1729
    1717
    1704
    1653
    1686
    1648
    1623
    1574
    1608
    1588
    1533
    1546
    1561
    1461
    1569
    1581
    1530
    1498
    1566
    1422
    1516
    1445
    1447
    1430
    1444
    1438
    1340
    1405
    1341
    1363
    1390
    1392
    1365
    1358
    1343
    1328
    1347
    1247
    1368
    1263
    1288
    1306
    1338
    1251
    1298
    1287
    1306
    1331
    1219
    1211
    1245
    1292
    1244
    1214
    1283
    1205
    1218
    1220
    1157
    1298
    1196
    1203
    1133
    1189
    1155
    1153
    1148
    1175
    1177
    1195
    1102
    1174
    1127
    1122
    1105
    1122
    1096
    1139
    1095
    1158
    1107
    1044
    1115
    1140
    1074
    1153
    1093
    1069
    1146
    1065
    1072
    1122
    1061
    1067
    1140
    1095
    1066
    1070
    1087
    1043
    1049
    1052
    1007
    1051
    1093
     995
    1100
    1058
    1003
    1005
     998
    1018
    1053
    1002
    1016
     996
     988
     990
     974
    1012
    1030
     995
    1012
     942
     969
     972
     986
     954
     930
    1030
    1008
     956
     935
     955
     990
     971
     935
    1016
     928
     969
     914
     903
     969
     897
     929
     931
     958
     911
     922
     961
     938
     941
     903
     911
     922
     898
     940
     910
     926
     908
     911
     923
     891
     886
     859
     921
     874
     849
     889
     905
     884
     900
     882
     910
     863
     903
     869
     875
     893
     840
     854
     874
     896
     888
     831
     830
     871
     803
     843
     833
     859
     825
     871
     833
     873
     854
     895
     853
     796
     840
     787
     775
     804
     805
     824
     756
     830
     810
     852
     807
     768
     797
     770
     758
     813
     767
     799
     789
     751
     848
     820
     875
     827
     797
     788
     856
     822
     837
     889
     829
     871
     895
     909
     943
     967
     982
     984
    1024
    1094
    1179
    1164
    1152
    1214
    1296
    1276
    1409
    1382
    1376
    1485
    1563
    1706
    1756
    1934
    1953
    2070
    2178
    2323
    2416
    2653
    2866
    3098
    3248
    3576
    3863
    4135
    4692
    5228
    5875
    6691
    7834
    8834
    9896
   11278
   12748
   14109
   16002
   17535
   19751
   22025
   24115
   27024
   30285
   33591
   37284
   41726
   46450
   51337
   57281
   63541
   69188
   76187
   82388
   87613
   92149
   95722
   98451
  100237
  100032
   99377
   97485
   93103
   86029
   77393
   65726
   53880
   41946
   31303
   21967
   14491
    9564
    6053
    3600
    2255
    1457
     835
     599
     422
     318
     260
     180
     170
     148
     132
     114
     118
     125
     106
     109
     129
     100
      83
     100
     119
      97
     114
      92
     103
      90
      89
     103
     102
     106
      92
      81
      96
      95
      89
      73
      90
      66
      91
      83
      88
      80
      72
      86
      88
      81
      92
      77
      87
      78
      70
      90
      70
      62
      67
      90
      84
      72
      74
      75
      82
      65
      87
      80
      85
      81
      69
      65
      87
      77
      67
      76
      55
      81
      57
      77
      75
      63
      59
      61
      53
      60
      48
      64
      53
      58
      52
      55
      49
      51
      59
      61
      63
      63
      60
      51
      49
      59
      64
      57
      59
      54
      54
      63
      49
      47
      67
      52
      38
      52
      64
      44
      41
      62
      61
      42
      42
      55
      48
      57
      58
      53
      55
      44
      53
      47
      53
      46
      55
      49
      47
      59
      51
      50
      51
      51
      43
      65
      54
      49
      49
      36
      49
      50
      41
      57
      53
      54
      41
      51
      58
      54
      55
      56
      64
      41
      43
      51
      48
      42
      50
      48
      42
      51
      46
      41
      56
      50
      64
      73
      37
      42
      43
      60
      52
      33
      47
      44
      43
      37
      49
      57
      49
      52
      56
      42
      55
      53
      44
      31
      55
      41
      51
      35
      50
      42
      49
      46
      49
      46
      46
      27
      47
      38
      48
      38
      46
      53
      38
      50
      36
      54
      51
      37
      58
      37
      29
      42
      43
      45
      39
      36
      43
      42
      44
      39
      51
      37
      37
      36
      37
      45
      35
      50
      39
      31
      38
      44
      32
      44
      40
      40
      37
      37
      50
      40
      33
      32
      52
      34
      50
      40
      30
      40
      35
      32
      44
      46
      37
      30
      40
      29
      32
      37
      33
      37
      37
      35
      53
      30
      38
      34
      33
      31
      44
      33
      35
      38
      31
      31
      30
      31
      32
      39
      28
      39
      33
      32
      39
      45
      42
      34
      35
      40
      38
      36
      42
      30
      43
      31
      33
      38
      30
      29
      26
      35
      32
      31
      32
      48
      38
      38
      24
      39
      28
      40
      39
      33
      46
      37
      32
      31
      38
      23
      39
      31
      34
      31
      34
      23
      38
      23
      38
      43
      42
      42
      33
      42
      32
      36
      23
      40
      36
      38
      30
      35
      25
      39
      32
      24
      41
      31
      36
      34
      39
      33
      32
      26
      23
      34
      33
      35
      40
      37
      40
      26
      35
      28
      38
      31
      33
      30
      23
      33
      34
      39
      34
      24
      32
      28
      27
      25
      38
      34
      28
      42
      36
      33
      34
      22
      36
      25
      24
      40
      32
      29
      31
      36
      32
      34
      22
      41
      21
      23
      33
      28
      25
      36
      39
      25
      29
      35
      25
      31
      23
      24
      28
      40
      35
      33
      32
      24
      32
      23
      32
      34
      39
      41
      27
      23
      29
      38
      34
      36
      26
      24
      42
      36
      39
      29
      26
      30
      33
      27
      25
      29
      25
      27
      31
      31
      25
      22
      17
      28
      25
      28
      36
      32
      32
      23
      27
      28
      29
      24
      25
      25
      33
      28
      23
      29
      21
      32
      21
      31
      27
      36
      37
      30
      33
      35
      30
      42
      23
      31
      28
      21
      27
      35
      37
      24
      32
      29
      17
      26
      31
      33
      35
      30
      27
      29
      36
      26
      20
      27
      31
      22
      25
      27
      15
      23
      15
      22
      20
      31
      35
      26
      34
      18
      34
      32
      28
      18
      31
      28
      33
      32
      22
      31
      24
      20
      22
      15
      18
      24
      28
      25
      28
      31
      24
      38
      25
      29
      21
      28
      25
      29
      25
      23
      21
      26
      28
      22
      21
      28
      26
      25
      27
      30
      22
      25
      26
      23
      23
      20
      19
      27
      24
      33
      25
      16
      27
      17
      29
      21
      30
      18
      21
      24
      24
      22
      31
      21
      20
      26
      29
      32
      24
      24
      16
      20
      28
      22
      27
      20
      28
      25
      21
      27
      23
      15
      18
      22
      40
      18
      24
      21
      27
      22
      23
      27
      22
      30
      14
      18
      21
      17
      25
      17
      27
      26
      21
      17
      24
      25
      28
      22
      26
      10
      18
      20
      21
      18
      18
      20
      20
      21
      22
      20
      17
      19
      20
      10
      18
      21
      19
      26
      20
      21
      16
      21
      18
      14
      20
      15
      15
      23
      23
      19
      21
      19
      27
      20
      20
      28
      16
      12
      22
      26
      27
      26
      25
      21
      28
      15
      27
      16
      14
      16
      15
      22
      16
      18
      21
      21
      16
      31
      22
      19
      18
      29
      21
      15
      19
      14
      19
      22
      25
      17
      17
      15
      22
      18
      20
      20
      20
      20
      25
      24
      19
      23
      19
      23
      25
      21
      29
      13
      18
      16
      14
      14
      23
      21
      17
      30
      19
      21
      23
      30
      15
      18
      18
      23
      12
      11
      11
      18
      15
      12
      15
      18
      18
      29
      18
      16
      14
      18
      13
      12
      17
      12
      20
      15
      19
      20
      25
      16
      14
      13
      19
      17
      13
      22
      15
      22
      17
      12
      27
      17
      22
      16
      14
      13
      16
      10
      17
      13
      16
      18
      23
      15
      14
      17
      21
      24
      21
      23
      17
      29
      19
      13
      15
      18
      22
      19
      23
      22
      16
      16
      27
      17
      12
      20
      17
      15
      14
      15
      13
      19
      15
      21
      17
      13
      17
       9
      17
      17
      10
      13
      14
      17
      25
      20
      23
      19
      17
      15
      15
      28
      17
      19
      18
      15
      18
       7
      17
       8
      13
      18
      14
      11
      17
      18
      16
      13
      23
      10
      18
      12
      17
      15
      20
      11
      19
      15
      15
      17
      13
      18
      20
      17
      14
      13
      13
      15
      12
      14
      10
      17
      16
      21
      11
      19
      17
      13
      18
      16
      11
      16
      13
      11
      23
      12
      10
      11
      21
      16
      15
       9
      12
      21
      16
      15
       9
      25
      13
      19
       7
      16
      13
      22
      15
      14
      10
      20
      14
      15
      11
      14
      15
       6
      15
      14
      17
      14
      19
       9
      16
      19
      16
      20
      10
      21
      14
      11
      18
      11
      10
       9
      12
       8
      16
       8
      22
       8
      18
      16
      26
      12
      14
      11
      17
      13
       5
      17
      12
      14
      12
      14
       8
      10
      17
      17
      17
      13
      13
      10
      13
      10
      17
      13
       9
      14
      10
       7
      10
      12
      10
      15
      13
       9
      15
      13
      17
      11
      17
      15
      17
      17
      15
      15
      21
      10
       8
      15
      11
      13
      19
      26
      18
      11
      18
      17
      14
       9
      14
      16
      11
       7
      14
      18
       8
      11
      11
      13
      11
      16
      20
      12
      11
      12
       8
       9
      17
       6
      12
      14
      12
      16
      17
      10
      15
      11
      20
      16
      15
       7
       9
      17
      15
       9
      11
       8
      13
       7
      12
      11
       9
       8
      11
      12
      14
      10
      10
      11
       7
      17
      17
      12
      14
      10
       8
      13
      13
      11
      10
      20
      15
       9
      11
      12
      13
      17
       4
      11
      10
      10
      13
      14
      10
      11
       7
      12
      13
      11
      12
      11
      14
      14
       7
       9
      17
       8
      10
      13
      11
      16
      13
       7
      13
      16
      10
      12
       8
      13
       4
      12
       4
      11
       6
      12
      16
      10
      13
       9
      12
       7
      11
       7
       6
       9
      11
      11
      16
      16
       9
       5
       5
      15
      16
      16
      11
       9
       8
      15
      13
      15
       9
      13
       7
      14
       7
      13
      11
       8
       9
      12
       8
      12
      10
      10
       9
      16
      10
       9
      11
      10
      10
       9
      19
      13
      12
      10
      13
      10
       8
      10
       7
       2
       7
      12
      14
       6
       9
      11
      12
       8
      10
       8
      14
       6
       9
       9
       9
      11
       8
       7
      13
      13
       8
      10
      15
       7
      15
      10
      12
      12
       7
       5
      10
       9
       9
      14
      11
       9
      21
       8
       8
      12
       6
       2
       5
       9
      12
       9
       8
       5
      14
       7
      12
      11
       4
       9
      10
      10
      10
       9
       8
       6
      11
       9
       5
      14
       8
      11
      12
       6
       5
      10
      11
       7
      12
      10
       7
       9
      12
       8
      12
       7
       7
       6
      10
       6
      10
       8
      10
       5
      10
      12
       6
       8
      12
      10
       6
       8
      10
       7
       5
       8
      13
       8
       4
       7
       7
       7
       7
      11
      10
      12
       8
       7
       5
       9
       3
      10
       7
       9
       6
      11
       3
       8
       5
       5
       9
       3
       3
       9
       9
       6
       7
      10
       7
       7
       3
       9
      16
       7
       5
       6
       8
       6
       6
       8
       1
       8
       5
       7
       8
       8
       5
      14
       8
      10
       3
       4
       3
       6
       4
      10
       8
       6
       9
       4
      11
       6
       3
       4
       3
       5
       5
       1
       4
       8
       7
       6
       4
      11
       6
       6
       4
       7
       5
       3
       3
       3
       7
       7
      10
       7
       5
       8
       5
       7
       4
       4
       5
       8
       6
      10
       5
       8
       3
       6
       4
      10
       4
       6
       5
       3
       4
       5
       7
       8
       5
       5
       3
       6
       6
       5
       2
       4
      10
       7
       8
       4
       4
       2
       7
       3
       6
       4
       3
       4
       4
       4
       3
       3
       3
      11
       8
       5
       4
       4
       4
       6
       4
       8
       6
       3
       5
       6
      11
       6
       6
       3
       2
       7
       3
       4
       7
       9
       9
       6
       4
       9
       4
       3
       2
       6
       2
       5
       5
       5
       8
       5
       6
       3
       6
       4
       3
       7
       6
       7
       6
       6
       7
       6
       3
       6
       5
       9
       3
       2
       8
       3
       2
       4
       8
       9
       2
       3
       3
       7
       3
       4
       2
       5
       6
      10
       3
       4
       3
       5
       4
       5
       5
      10
       4
      10
       4
       6
       7
       7
       4
       6
       2
       2
       5
       5
       6
       4
      10
       4
       6
       2
       3
       5
       5
       7
       2
       6
       2
       6
       5
       4
       3
       5
       4
       6
       5
      12
       8
       5
       8
       0
       7
       4
       4
       3
       6
       4
       5
       2
       6
       4
       7
       3
       4
       6
       6
       5
       3
       6
       5
       6
       4
       2
       2
       9
       4
       0
      10
       3
       3
       5
       4
       4
       3
       5
       4
       6
       5
       4
       3
       2
       5
       3
       6
       4
       7
       3
       3
       5
       3
       6
       7
       7
       1
       7
       5
       5
       4
       3
       2
       6
       7
       3
       2
       5
       8
       3
       3
       1
       8
       1
       3
       8
       4
       3
       3
       3
       6
       1
       6
       6
       5
       2
       4
       7
       9
       5
       1
       4
       2
       6
       3
       9
       1
       3
       5
       4
       6
       6
       2
       5
       5
       1
       4
       5
       5
       1
       2
       5
       6
       4
       4
       8
       5
       3
       2
       4
       4
       5
       6
       7
       2
       7
       3
       6
       2
       7
       9
       3
       4
       6
       7
       4
       1
       4
       7
       9
       4
       2
       6
       6
       4
       3
       7
       7
       6
       0
       6
       3
       1
       6
       5
       4
       6
       8
       7
       7
      10
       6
       5
       8
       8
       4
       6
       2
      14
       8
       3
       3
       2
       4
       4
       5
       6
       8
       8
       2
       7
       2
       6
       4
       7
       6
       2
       6
       9
       5
       6
      11
       8
       5
       3
       4
       6
       5
      11
       5
       4
       9
      10
       3
      11
       5
       7
       8
       9
       5
       8
       9
       5
       5
      12
       9
       8
       5
       7
       6
       7
       7
       9
      10
       9
       7
      10
       8
      10
       5
       5
       7
      13
      11
      11
      11
      11
       6
       8
       8
       7
      10
       9
       6
      10
       7
      13
      12
       8
      11
       4
      10
       4
       4
       5
       4
       7
       9
       3
       5
       1
       5
       3
       1
       2
       2
       0
       4
       2
       2
       1
       1
       0
       3
       2
       0
       3
       1
       0
       1
       2
       2
       1
       0
       0
       2
       4
       1
       0
       1
       1
       1
       0
       1
       0
       1
       1
       1
       0
       2
       1
       0
       1
       2
       2
       0
       0
       3
       2
       0
       0
       0
       1
       1
       0
       2
       0
       1
       0
       1
       2
       1
       0
       1
       2
       0
       1
       0
       0
       0
       0
       0
       0
       0
       0
       0
       0
       3
       0
       1
       1
       0
       1
       2
       2
       0
       0
       0
       2
       2
       1
       2
       2
       1
       1
       0
       0
       0
       1
       1
       0
       0
       0
       0
       1
       0
       1
       1
       0
       1
       0
       0
       1
       0
       0
       1
       0
       0
       0
       1
       0
       0
       2
       1
       1
       3
       2
       0
       1
       1
       0
       0
       1
       2
       1
       1
       0
       1
       0
       0
       1
       1
       0
       1
       1
       0
       3
       1
       0
       1
       5
       4
       3
       2
       1
       0
       1
       2
       0
       1
       0
       0
       0
       2
       3
       2
       1
       0
       0
       0
       0
       0
       0
       0
       0
       2
       0
       0
       0
       1
       0
       0
       2
       0
       0
       0
       1
       1
       1
       0
       0
       2
       0
       2
       0
       1
       2
       0
       1
       0
       0
       0
       2
       0
       2
       0
       0
       0
       2
       1
       1
       1
       1
       1
       0
       0
       1
       1
       3
       0
       0
       0
       1
       0
       0
       0
       1
       1
       0
       0
       1
       0
       3
       1
       2
       2
       1
       0
       2
       0
       0
       2
       2
       0
       0
       1
       1
       0
       1
       0
       0
       0
       1
       1
       0
       1
       2
       0
       1
       1
       2
       2
       0
       1
       0
       1
       1
       1
       0
       2
       1
       2
       0
       0
       0
       1
       0
       0
       2
       0
       0
       1
       1
       0
       2
       1
       1
       1
       1
       0
       2
       0
       2
       2
       2
       3
       0
       0
       0
       1
       2
       3
       1
       0
       1
       0
       1
       3
       0
       1
       2
       0
       1
       1
       0
       0
       2
       0
       2
       3
       0
       0
       2
       3
       2
       0
       2
       1
       1
       1
       3
       3
       1
       1
       2
       1
       0
       0
       4
       2
       1
       7
       1
       3
       2
       5
       3
       4
       3
       7
       6
       1
       4
       8
       8
      10
       3
       5
       5
       6
       6
       7
       8
       2
       7
       4
       4
       4
       2
       5
       9
       3
       6
       4
       4
       3
       7
       5
       4
       5
       2
       3
       5
       1
       2
       1
       1
       2
       1
       0
       2
       0
       0
       0
       1
       2
       0
       1
       1
       0
       0
       0
       0
       1
       0
       0
       2
       0
       0
       2
       1
       0
       0
       0
       0
       0
       2
       0
       0
       0
       0
       0
       2
       1
       1
       0
       1
       1
       0
       0
       1
       0
       0
       0
       1
       1
       1
       2
       0
       0
       0
       2
       0
       0
       1
       0
       1
       1
       1
       0
       1
       1
       0
       0
       0
       0
       1
       0
       1
       1
       0
       0
       0
       0
       1
       0
       1
       0
       1
       0
       0
       0
       0
       0
       1
       0
       1
       0
       0
       0
       1
       0
       0
       0
       0
       3
       1
       1
       1
       3
       1
       1
       0
       0
       0
       0
       0
       3
       2
       0
       1
       1
       0
       0
       0
       1
       1
       1
       0
       1
       1
       0
       0
       0
       0
       0
       0
       1
       0
       0
       0
       0
       0
       1
       0
       2
       0
       0
       0
       0
       0
       0
       1
       2
       0
       0
       0
       2
       0
       3
       1
       1
       1
       0
       1
       1
       1
       1
       1
       1
       0
       0
       0
       0
       1
       0
       0
       0
       3
       0
       1
       0
       1
       0
       2
       0
       0
       0
       1
       0
       0
       0
       0
       1
       1
       1
       0
       0
       0
       2
       2
       0
       1
       1
       0
       4
       0
       0
       0
       1
       1
       0
       2
       1
       0
       0
       0
       0
       0
       0
       1
       0
       0
       0
       0
       0
       0
       0
       0
       2
       0
       0
       0
       1
       0
       1
       0
       1
       0
       0
       0
       1
       1
       1
       1
       0
       0
       0
       0
       0
       0
       0
       0
       1
       1
       0
       1
       0
       1
       2
       0
       0
       1
       1
       0
       0
       1
       1
       0
       0
       0
       0
       0
       1
       0
       0
       0
       0
       0
       0
       0
       0
       0
       0
       0
       2
       0
       0
       0
       1
       1
       0
       1
       0
       0
       0
       0
       1
       0
       1
       1
       0
       0
       0
       0
       1
       2
       1
       1
       0
       0
       1
       0
       0
       0
       0
       0
       1
       0
       0
       1
       0
       0
       2
       1
       2
       1
       0
       1
       2
       1
       1
       0
       0
       2
       1
       1
       1
       0
       1
       0
       0
       0
       0
       1
       1
       1
       2
       1
       0
       0
       1
       0
       1
       0
       0
       0
       0
       0
       0
       0
       1
       0
       0
       0
       0
       1
       0
       0
       0
       0
       0
       0
       1
       0
       0
       1
       0
       0
       0
       0
       0
       0
       0
       0
       0
       0
       0
       0
       0
       0
       0
       0
       0
       2
       0
       1
       0
       0
       0
       0
       3
       1
       0
       0
       0
       1
       1
       1
       0
       0
       0
       0
       0
       0
       0
       0
       0
       1
       0
       0
       0
       0
       1
       1
       2
       0
       1
       2
       1
       0
       1
       1
       1
       0
       0
       0
       1
       0
       1
       1
       2
       0
       0
       0
       0
       0
       0
       0
       0
       1
       1
       0
       0
       0
       1
       0
       1
       0
       0
       0
       0
       0
       1
       0
       0
       1
       0
       0
       0
       0
       1
       0
       0
       0
       0
       0
       0
       0
       1
       0
       2
       2
       0
       0
       1
       0
       0
       0
       0
       1
       0
       1
       0
       1
       0
       1
       0
       2
       0
       0
       0
       0
       0
       0
       0
       0
       0
       0
       0
       1
       0
       0
       0
       0
       0
       0
       0
       0
       0
       0
       0
       0
       0
       1
       0
       0
       1
       0
       0
       0
       0
       0
       0
       1
       2
       0
       0
       0
       0
       0
       0
       0
       0
       0
       0
       0
       1
       1
       0
       0
       1
       0
       0
       1
       0
       0
       0
       0
       0
       0
       0
       0
       1
       0
       0
       0
       0
       0
       0
       0
       0
       0
       2
       0
       0
       0
       0
       0
       0
       1
       0
       0
       2
       1
       0
       0
       0
       1
       2
       1
       1
       0
       0
       0
       0
       1
       2
       0
       0
       0
       0
       0
       0
       0
       0
       1
       0
       0
       1
       0
       0
       0
       0
       1
       0
       0
       0
       0
       0
       1
       1
       0
       0
       0
       1
       0
       0
       0
       0
       1
       1
       0
       0
       0
       0
       1
       0
       1
       0
       0
       0
       0
       0
       0
       2
       0
       2
       0
       0
       0
       0
       0
       0
       1
       0
       0
       0
       0
       1
       0
       0
       0
       0
       0
       1
       0
       0
       0
       0
       0
       1
       0
       0
       0
       0
       0
       0
       0
       1
       0
       0
       0
       0
       0
       1
       0
       0
       1
       0
       0
       1
       0
       0
       2
       1
       0
       0
       0
       0
       0
       0
       0
       0
       0
       0
       0
       0
       0
       1
       0
       1
       0
       0
       0
       3
       0
       0
       0
       0
       0
       0
       0
       0
       0
       1
       0
       1
       0
       0
       1
       0
       0
       0
       0
       0
       1
       0
       0
       0
       0
       1
       0
       0
       0
       0
       0
       0
       0
       1
       2
       0
       2
       1
       0
       0
       1
       0
       0
       1
       0
       0
       0
       0
       1
       0
       0
       1
       0
       1
       0
       1
       0
       1
       0
       1
       1
       0
       0
       1
       0
       0
       0
       2
       0
       0
       0
       1
       2
       1
       0
       0
       1
       1
       1
       3
       0
       0
       0
       0
       0
       1
       1
       1
       0
       1
       5
       0
       1
       0
       2
       0
       0
       0
       0
       0
       0
       0
       0
       0
       3
       0
       0
       0
       0
       0
       0
       0
       0
       0
       0
       1
       1
       0
       0
       0
       0
       0
       0
       0
       1
       1
       0
       0
       0
       1
       1
       0
       0
       0
       0
       0
       0
       0
       1
       0
       0
       0
       0
       1
       0
       1
       0
       1
       0
       0
       0
       0
       0
       0
       0
       0
       0
       0
       0
       0
       0
       0
       0
       0
       0
       1
       0
       0
       0
       0
       0
       0
       0
       0
       0
       0
       0
       0
       3
       0
       0
       0
       0
       1
       0
       0
       0
       1
       1
       0
       0
       0
       0
       1
       1
       2
       0
       1
       0
       0
       0
       0
       0
       0
       1
       0
       0
       0
       0
       1
       2
       2
       0
       1
       0
       0
       0
       0
       0
       0
       0
       0
       0
       0
       0
       0
       1
       0
       0
       0
       0
       0
       0
       1
       0
       0
       0
       0
       1
       0
       0
       0
       2
       0
       0
       1
       1
       1
       0
       0
       1
       0
       0
       1
       0
       1
       0
       0
       0
       0
       0
       1
       0
       0
       2
       0
       0
       0
       1
       0
       0
       0
       1
       0
       0
       0
       1
       1
       0
       0
       1
       1
       0
       0
       0
       0
       0
       0
       0
       0
       0
       0
       0
       0
       0
       0
       0
       1
       0
       1
       0
       0
       0
       2
       0
       0
       0
       0
       2
       0
       0
       0
       0
       0
       0
       0
       2
       0
       1
       0
       0
       0
       0
       0
       0
       0
       0
       1
       0
       0
       0
       0
       0
       0
       0
       1
       1
       0
       0
       0
       1
       0
       0
       1
       0
       0
       0
       2
       0
       1
       0
       0
       0
       0
       0
       1
       0
       0
       1
       0
       0
       0
       0
       1
       0
       0
       0
       0
       0
       0
       0
       0
       0
       0
       0
       1
       1
       2
       0
       0
       0
       0
       0
       0
       0
       0
       0
       0
       1
       0
       0
       0
       0
       1
       2
       0
       1
       0
       1
       0
       0
       1
       0
       0
       0
       0
       0
       0
       0
       0
       0
       1
       1
       0
       0
       0
       0
       0
       0
       1
       0
       0
       0
       0
       0
       0
       0
       0
       0
       1
       1
       0
       1
       0
       0
       0
       0
       0
       0
       1
       0
       1
       0
       0
       0
       0
       0
       0
       0
       0
       0
       0
       1
       0
       0
       0
       0
       0
       0
       0
       0
       0
       0
       0
       0
       0
       0
       0
       0
       0
       0
       0
       0
       0
       0
       0
       0
       2
       0
       0
       0
       0
       0
       0
       0
       0
       0
       0
       0
       0
       0
       0
       0
       1
       0
       0
       1
       0
       0
       0
       0
       1
       0
       0
       0
       1
       0
       2
       0
       0
       1
       0
       0
       1
       1
       0
       1
       0
       0
       0
       0
       0
       0
       0
       0
       0
       0
       0
       0
       0
       1
       0
       0
       0
       0
       1
       0
       0
       0
       0
       0
       0
       0
       0
       0
       0
       0
       1
       0
       0
       0
       0
       0
       0
       1
       0
       0
       0
       1
       0
       0
       2
       0
       0
       0
       0
       0
       0
       0
       0
       1
       0
       1
       0
       0
       0
       0
       0
       0
       0
       0
       0
       0
       0
       0
       1
       0
       0
       0
       0
       1
       0
       0
       1
       2
       1
       0
       0
       1
       1
       0
       1
       0
       0
       0
       0
       0
       0
       0
       1
       0
       0
       0
       0
       0
       0
       0
       0
       0
       0
       0
       1
       2
       0
       0
       0
       0
       0
       0
       0
       0
       0
       1
       0
       1
       0
       0
       0
       0
       0
       1
       1
       0
       0
       0
       0
       0
       0
       0
       0
       0
       0
       0
       1
       2
       0
       0
       0
       0
       0
       0
       1
       0
       0
       1
       1
       0
       0
       0
       0
       0
       0
       1
       0
       0
       1
       1
       1
       0
       0
       0
       0
       1
       0
       0
       0
       0
       0
       0
       0
       0
       0
       0
       0
       0
       1
       0
       0
       0
       0
       0
       0
       0
       0
       0
       0
       0
       0
       1
       0
       1
       0
       1
       0
       1
       0
       1
       0
       0
       0
       0
       0
       0
       0
       1
       1
       0
       1
       0
       0
       0
       3
       0
       0
       1
       0
       0
       1
       0
       0
       1
       0
       0
       0
       0
       0
       1
       0
       0
       0
       0
       0
       0
       0
       1
       0
       0
       1
       1
       0
       2
       1
       0
       0
       0
       0
       0
       0
       0
       0
       0
       1
       0
       0
       0
       1
       0
       0
       0
       0
       0
       0
       0
       0
       0
       0
       1
       0
       0
       1
       0
       1
       0
       0
       0
       1
       0
       0
       1
       0
       0
       0
       0
       0
       0
       0
       0
       0
       0
       0
       0
       0
       2
       1
       0
       0
       0
       0
       0
       0
       0
       0
       0
       0
       0
       0
       0
       0
       0
       1
       0
       0
       0
       0
       0
       0
       0
       0
       1
       1
       0
       0
       0
       0
       0
       0
       0
       0
       1
       0
       0
       0
       0
       0
       0
       0
       0
       0
       1
       0
       0
       0
       0
       1
       1
       0
       0
       1
       0
       0
       1
       0
       0
       0
       0
       0
       0
       0
       0
       0
       0
       0
       1
       0
       0
       0
       0
       1
       0
       0
       0
       2
       1
       0
       0
       0
       0
       1
       0
       0
       0
       0
       0
       0
       1
       0
       0
       0
       0
       0
       0
       0
       1
       0
       1
       0
       0
       1
       0
       0
       0
       0
       0
       0
       0
       0
       0
       0
       0
       0
       0
       0
       0
       0
       0
       0
       0
       1
       0
       0
       0
       0
       0
       0
       1
       1
       1
       0
       0
       0
       0
       0
       1
       0
       0
       0
       2
       0
       0
       1
       0
       0
       0
       0
       0
       0
       0
       0
       0
       1
       0
       0
       0
       0
       1
       0
       0
       1
       0
       2
       0
       1
       1
       0
       1
       0
       0
       0
       1
       1
       1
       1
       0
       0
       0
       0
       0
       2
       0
       1
       0
       0
       1
       0
       0
       1
       2
       1
       1
       1
       2
       0
       0
       0
       0
       0
       1
       0
       0
       1
       1
       0
       0
       0
       0
       0
       0
       0
       0
       0
       1
       0
       0
       0
       0
       0
       0
       0
       0
       2
       0
       0
       0
       0
       0
       0
       0
       0
       0
       0
       1
       0
       0
       2
       0
       0
       0
       0
       0
       1
       0
       0
       0
       0
       1
       0
       1
       0
       0
       1
       0
       0
       0
       0
       0
       0
       0
       0
       0
       0
       0
       0
       0
       0
       0
       0
       0
       0
       0
       0
       0
       0
       0
       1
       0
       1
       0
       1
       0
       0
       0
       0
       1
       1
       1
       0
       0
       0
       0
       0
       1
       1
       0
       1
       1
       0
       0
       1
       0
       0
       0
       0
       0
       0
       0
       1
       0
       0
       0
       1
       0
       0
       0
       0
       0
       0
       0
       0
       1
       0
       1
       0
       1
       0
       0
       1
       0
       0
       0
       1
       0
       1
       0
       0
       0
       0
       0
       1
       0
       1
       1
       0
       0
       0
       0
       0
       0
       0
       0
       0
       0
       0
       0
       0
       0
       0
       0
       0
       1
       0
       1
       0
       0
       0
       0
       0
       0
       0
       1
       0
       1
       0
       0
       1
       0
       1
       0
       0
       0
       0
       1
       1
       0
       0
       0
       0
       0
       0
       1
       0
       0
       0
       0
       0
       0
       0
       0
       0
       0
       1
       0
       0
       0
       0
       0
       0
       1
       0
       0
       1
       0
       0
       1
       0
       2
       0
       0
       0
       1
       1
       0
       0
       0
       0
       0
       0
       0
       0
       0
       0
       0
       0
       0
       0
       1
       1
       1
       1
       1
       0
       0
       0
       0
       0
       2
       1
       0
       1
       0
       0
       0
       1
       0
       0
       0
       0
       0
       0
       0
       0
       0
       0
       1
       0
       0
       0
       0
       0
       0
       0
       2
       0
       0
       0
       1
       2
       1
       0
       0
       0
       0
       0
       0
       0
       0
       0
       0
       0
       0
       0
       0
       0
       0
       1
       0
       0
       0
       0
       1
       0
       0
       0
       0
       0
       0
       0
       0
       0
       0
       0
       0
       0
       0
       0
       0
       0
       0
       1
       0
       0
       0
       0
       0
       0
       0
       0
       0
       1
       0
       0
       0
       1
       0
       0
       0
       0
       0
       0
       0
       0
       1
       0
       0
       0
       0
       0
       0
       1
       0
       0
       1
       0
       0
       1
       0
       0
       1
       1
       1
       0
       0
       0
       1
       0
       0
       1
       0
       0
       0
       1
       0
       0
       2
       0
       0
       0
       0
       0
       1
       0
       0
       0
       0
       0
       0
       0
       1
       0
       0
       1
       1
       0
       0
       0
       0
       0
       0
       0
       0
       0
       0
       0
       1
       0
       0
       0
       0
       0
       0
       0
       0
       0
       0
       0
       0
       1
       0
       1
       0
       1
       0
       0
       0
       1
       0
       0
       0
       0
       0
       0
       0
       0
       1
       0
       1
       0
       0
       0
       0
       0
       0
       1
       0
       0
       0
       0
       0
       0
       0
       0
       0
       0
       0
       0
       0
       0
       0
       0
       0
       0
       1
       0
       0
       0
       0
       0
       1
       0
       0
       0
       0
       1
       0
       0
       0
       0
       0
       0
       0
       0
       0
       1
       0
       0
       1
       1
       0
       0
       0
       0
       2
       0
       0
       0
       2
       0
       0
       0
       0
       0
       0
       0
       1
       0
       0
       0
       0
       0
       1
       0
       0
       0
       0
       0
       0
       0
       0
       0
       0
       0
       0
       0
       1
       1
       2
       0
       1
       0
       0
       0
       0
       1
       0
       0
       0
       0
       0
       0
       0
       0
       1
       2
       3
       0
       1
       0
       0
       0
       0
       0
       0
       0
       1
       0
       0
       0
       1
       0
       0
       1
       0
       0
       0
       0
       0
       0
       0
       0
       1
       0
       0
       0
       0
       0
       0
       1
       0
       0
       1
       0
       1
       1
       0
       0
       0
       0
       0
       1
       1
       0
       0
       0
       1
       0
       0
       1
       1
       0
       0
       0
       0
       0
       0
       0
       0
       0
       0
       0
       0
       1
       1
       0
       0
       0
       0
       0
       0
       0
       0
       1
       0
       0
       0
       1
       1
       0
       0
       0
       0
       0
       0
       0
       0
       0
       0
       0
       1
       0
       0
       0
       1
       0
       0
       1
       0
       1
       0
       0
       0
       1
       0
       0
       0
       2
       0
       1
       1
       0
       1
       0
       1
       0
       0
       0
       0
       1
       1
       0
       0
       0
       0
       1
       0
       1
       0
       1
       0
       0
       0
       0
       0
       0
       0
       0
       0
       0
       0
       0
       0
       0
       0
       0
       0
       0
       0
       0
       1
       0
       0
       0
       0
       0
       1
       0
       0
       0
       0
       0
       0
       0
       0
       1
       0
       0
       0
       0
       0
       0
       0
       0
       0
       0
       0
       0
       0
       1
       0
       0
       0
       0
       0
       0
       0
       1
       0
       0
       0
       0
       0
       0
       0
       0
       0
       0
       0
       0
       0
       0
       0
       0
       0
       0
       1
       0
       0
       0
       0
       1
       1
       0
       1
       0
       0
       0
       0
       0
       0
       0
       0
       0
       0
       0
       0
       0
       0
       0
       1
       1
       0
       0
       0
       0
       0
       0
       1
       0
       1
       0
       0
       0
       0
       0
       0
       0
       0
       0
       0
       0
       0
       1
       1
       0
       0
       0
       0
       0
       1
       0
       0
       0
       0
       0
       0
       1
       0
       0
       0
       0
       1
       0
       1
       1
       0
       0
       0
       0
       0
       0
       0
       0
       0
       0
       0
       0
       0
       0
       0
       0
       0
       0
       0
       0
       0
       0
       0
       0
       0
       0
       0
       0
       0
       0
       0
       1
       0
       0
       1
       0
       0
       1
       0
       1
       0
       0
       0
       0
       0
       0
       0
       0
       0
       0
       0
       0
       0
       0
       0
       0
       0
       0
       0
       0
       0
       0
       0
       0
       0
       0
       0
       0
       0
       0
       0
       0
       0
       0
       0
       0
       0
       0
       0
       0
       0
       0
       0
       0
       1
       0
       0
       0
       0
       0
       0
       0
       0
       1
       0
       0
       0
       0
       1
       0
       0
       0
       0
       0
       0
       0
       0
       0
       0
       0
       0
       0
       0
       0
       0
       0
       0
       0
       0
       0
       0
       0
       0
       0
       0
       0
       0
       0
       0
       0
       0
       0
       0
       0
       0
       0
       0
       0
       0
       0
       0
       1
       0
       0
       0
       0
       0
       0
       0
       0
       0
       0
       0
       0
       0
       0
       0
       0
       0
       0
       0
       0
       0
       0
       0
       0
       0
       0
       0
       0
       0
       0
       0
       0
       0
       0
       0
       0
       0
       0
       0
       0
       0
       0
       0
       0
       0
       0
       0
       0
       0
       0
       0
       0
       0
       0
       0
       0
       0
       0
       1
       0
       0
       0
       0
       0
       1
       1
       0
       1
       0
       0
       0
       0
       0
       0
       0
       0
       1
       0
       0
       0
       0
       0
       0
       0
       0
       0
       0
       0
       0
       0
       0
       1
       0
       0
       1
       0
       0
       0
       0
       0
       0
       0
       0
       0
       0
       0
       0
       0
       0
       0
       0
       0
       0
       0
       0
       0
       0
       0
       0
       0
       0
       0
       0
       0
       0
       0
       0
       0
       0
       0
       0
       0
       0
       0
       0
       0
       0
       0
       0
       0
       0
       0
       0
       0
       0
       0
       0
       0
       0
       0
       0
       0
       0
       0
       0
       0
       0
       0
       0
       0
       0
       0
       0
       0
       0
       0
       0
       0
       0
       0
       0
       0
       0
       0
       0
       0
       0
       0
       0
       0
       0
       0
       0
       0
       0
       0
       0
       0
       0
       0
       0
       0
       0
       0
       0
       0
       0
       0
       1
       0
       0
       0
       0
       0
       0
       0
       0
       0
       0
       0
       0
       0
       0
       1
       0
       0
       0
       0
       0
       0
       0
       0
       0
       0
       0
       0
       0
       0
       0
       0
       0
       0
       0
       0
       0
       0
       0
       0
       0
       0
       0
       0
       0
       0
       0
       0
       0
       0
       1
       0
       0
       0
       0
       0
       0
       0
       0
       0
       0
       0
       0
       0
       0
       0
       0
       0
       1
       0
       0
       1
       0
       0
       1
       0
       0
       0
       0
       0
       0
       0
       0
       0
       0
       0
       0
       0
       0
       1
       0
       0
       0
       0
       0
       1
       0
       0
       0
       0
       0
       0
       0
       0
       0
       0
       0
       0
       0
       0
       0
       0
       0
       0
       0
       1
       0
       0
       0
       0
       0
       0
       0
       0
       0
       0
       1
       0
       0
       0
       0
       0
       1
       1
       0
       0
       1
       0
       0
       0
       0
       1
       1
       0
       2
       0
       0
       0
       0
       0
       0
       0
       0
       1
       1
       2
       2
       0
       1
       0
       0
       0
       0
       0
       0
       0
       0
       0
       0
       0
       0
       0
       0
       0
       0
       0
       0
       0
       0
       0
       0
       0
       0
       0
       0
       0
       0
       0
       0
       0
       0
       0
       0
       0
       0
       0
       0
       0
       0
       0
       0
       0
       0
       0
       0
       0
       0
       0
       0
       0
       0
       0
       0
       0
       0
       0
       0
       0
       0
       0
       0
       0
       0
       0
       0
       0
       0
       0
       0
       0
       0
       0
       0
       0
       0
       0
       0
       0
       0
       0
       0
       0
       0
       0
       0
       0
       0
       0
       0
       0
       0
       0
       0
       0
       0
       0
       0
       0
       0
       0
       0
       0
       0
       0
       0
       0
       0
       0
       0
       0
       0
       0
       0
       0
       0
       0
       0
       0
       0
       0
       0
       0
       0
       0
       0
       0
       0
       0
       0
       0
       0
       0
       0
       0
       0
       0
       0
       0
       0
       0
       0
       0
       0
       0
       0
       0
       0
       0
       0
       0
       0
       0
       0
       0
       0
       0
       0
       0
       0
       0
       0
       0
       0
       0
       0
       0
       0
       0
       0
       0
       0
       0
       0
       0
       0
       0
       0
       0
       0
       0
       0
       0
       0
       0
       0
       0
       0
       0
       0
       0
       0
       0
       0
       0
       0
       0
       0
       0
       0
       0
       0
       0
       0
       0
       0
       0
       0
       0
       0
       0
       0
       0
       0
       0
       0
       0
       0
       0
       0
       0
       0
       0
       0
       0
       0
       0
       0
       0
       0
       0
       0
       0
       0
       0
       0
       0
       0
       0
       0
       0
       0
       0
       0
       0
       0
       0
       0
       0
       0
       0
       0
       0
       0
       0
       0
       0
       0
       0
       0
       0
       0
       0
       0
       0
       0
       0
       0
       0
       0
       0
       0
       0
       0
       0
       0
       0
       0
       0
       0
       0
       0
       0
       0
       0
       0
       0
       0
       0
       0
       0
       0
       0
       0
       0
       0
       0
       0
       0
       0
       0
       0
       0
       0
       0
       0
       0
       0
       0
       0
       0
       0
       0
       0
       0
       0
       0
       0
       0
       0
       0
       0
       0
       0
       0
       0
       0
       0
       0
       0
       0
       0
       0
       0
       0
       0
       0
       0
       0
       0
       0
       0
       0
       0
       0
       0
       0
       0
       0
       0
       0
       0
       0
       0
       0
       0
       0
       0
       0
       0
       0
       0
       0
       0
       0
       0
       0
       0
       0
       0
       0
       0
       0
       0
       0
       0
       0
       0
       0
       0
       0
       0
       0
       0
       0
       0
       0
       0
       0
       0
       0
       0
       0
       0
       0
       0
       0
       0
       0
       0
       0
       0
       0
       0
       0
       0
       0
       0
       0
       0
       0
       0
       0
       0
       0
       0
       0
       0
       0
       0
       0
       0
       0
       0
       0
       0
       0
       0
       0
       0
       0
       0
       0
       0
       0
       0
       0
       0
       0
       0
       0
       0
       0
       0
       0
       0
       0
       0
       0
       0
       0
       0
       0
       0
       0
       0
       0
       0
       0
       0
       0
       0
       0
       0
       0
       0
       0
       0
       0
       0
       0
       0
       0
       0
       0
       0
       0
       0
       0
       0
       0
       0
       0
       0
       0
       0
       0
       0
       0
       0
       0
       0
       0
       0
       0
       0
       0
       0
       0
       0
       0
       0
       0
       0
       0
       0
       0
       0
       0
       0
       0
       0
       0
       0
       0
       0
       0
       0
       0
       0
       0
       0
       0
       0
       0
       0
       0
       0
       0
       0
       0
       0
       0
       0
       0
       0
       0
       0
       0
       0
       0
       0
       0
       0
       0
       0
       0
       0
       0
       0
       0
       0
       0
       0
       0
       0
       0
       0
       0
       0
       0
       0
       0
       0
       0
       0
       0
       0
       0
       0
       0
       0
       0
       0
       0
       0
       0
       0
       0
       0
       0
       0
       0
       0
       0
       0
       0
       0
       0
       0
       0
       0
       0
       0
       0
       0
       0
       0
       0
       0
       0
       0
       0
       0
       0
       0
       0
       0
       0
       0
       0
       0
       0
       0
       0
       0
       0
       0
       0
       0
       0
       0
       0
       0
       0
       0
       0
       0
       0
       0
       0
       0
       0
       0
       0
       0
       0
       0
       0
       0
       0
       0
       0
       0
       0
       0
       0
       0
       0
       0
       0
       0
       0
       0
       0
       0
       0
       0
       0
       0
       0
       0
       0
       0
       0
       0
       0
       0
       0
       0
       0
       0
       0
       0
       0
       0
       0
       0
       0
       0
       0
       0
       0
       0
       0
       0
       0
       0
       0
       0
       0
       0
       0
       0
       0
       0
       0
       0
       0
       0
       0
       0
       0
       0
       0
       0
       0
       0
       0
       0
       0
       0
       0
       0
       0
       0
       0
       0
       0
       0
       0
       0
       0
       0
       0
       0
       0
       0
       0
       0
       0
       0
       0
       0
       0
       0
       0
       0
       0
       0
       0
       0
       0
       0
       0
       0
       0
       0
       0
       0
       0
       0
       0
       0
       0
       0
       0
       0
       0
       0
       0
       0
       0
       0
       0
       0
       0
       0
       0
       0
       0
       0
       0
       0
       0
       0
       0
       0
       0
       0
       0
       0
       0
       0
       0
       0
       0
       0
       0
       0
       0
       0
       0
       0
       0
       0
       0
       0
       0
       0
       0
       0
       0
       0
       0
       0
       0
       0
       0
       0
       0
       0
       0
       0
       0
       0
       0
       0
       0
       0
       0
       0
       0
       0
       0
       0
       0
       0
       0
       0
       0
       0
       0
       0
       0
       0
       0
       0
       0
       0
       0
       0
       0
       0
       0
       0
       0
       0
       0
       0
       0
       0
       0
       0
       0
       0
       0
       0
       0
       0
       0
       0
       0
       0
       0
       0
       0
       0
       0
       0
       0
       0
       0
       0
       0
       0
       0
       0
       0
       0
       0
       0
       0
       0
       0
       0
       0
       0
       0
       0
       0
       0
       0
       0
       0
       0
       0
       0
       0
       0
       0
       0
       0
       0
       0
       0
       0
       0
       0
       0
       0
       0
       0
       0
       0
       0
       0
       0
       0
       0
       0
       0
       0
       0
       0
       0
       0
       0
       0
       0
       0
       0
       0
       0
       0
       0
       0
       0
       0
       0
       0
       0
       0
       0
       0
       0
       0
       0
       0
       0
       0
       0
       0
       0
       0
       0
       0
       0
       0
       0
       0
       0
       0
       0
       0
       0
       0
       0
       0
       0
       0
       0
       0
       0
       0
       0
       0
       0
       0
       0
       0
       0
       0
       0
       0
       0
       0
       0
       0
       0
       0
       0
       0
       0
       0
       0
       0
       0
       0
       0
       0
       0
       0
       0
       0
       0
       0
       0
       0
       0
       0
       0
       0
       0
       0
       0
       0
       0
       0
       0
       0
       0
       0
       0
       0
       0
       0
       0
       0
       0
       0
       0
       0
       0
       0
       0
       0
       0
       0
       0
       0
       0
       0
       0
       0
       0
       0
       0
       0
       0
       0
       0
       0
       0
       0
       0
       0
       0
       0
       0
       0
       0
       0
       0
       0
       0
       0
       0
       0
       0
       0
       0
       0
       0
       0
       0
       0
       0
       0
       0
       0
       0
       0
       0
       0
       0
       0
       0
       0
       0
       0
       0
       0
       0
       0
       0
       0
       0
       0
       0
       0
       0
       0
       0
       0
       0
       0
       0
       0
       0
       0
       0
       0
       0
       0
       0
       0
       0
       0
       0
       0
       0
       0
       0
       0
       0
       0
       0
       0
       0
       0
       0
       0
       0
       0
       0
       0
       0
       0
       0
       0
       0
       0
       0
       0
       0
       0
       0
       0
       0
       0
       0
       0
       0
       0
       0
       0
       0
       0
       0
$ROI:
0
$PRESETS:
None
0
0
$ENER_FIT:
0.000000 0.000000
$MCA_CAL:
3
0.000000E+000 0.000000E+000 0.000000E+000 
$SHAPE_CAL:
3
0.000000E+000 0.000000E+000 0.000000E+000
