$SPEC_ID:
No sample description was entered.
$SPEC_REM:
DET# 1
DETDESC# DESKTOP-PNQJTCJ Easy-MCA-8k SN 09161357
AP# Maestro Version 7.01
$DATE_MEA:
05/03/2024 09:23:28
$MEAS_TIM:
197 375
$DATA:
0 8191
       0
       0
       0
       0
       0
       0
       0
       0
       0
       0
       0
       0
       0
       0
       0
       0
       0
       0
       0
       0
       0
       0
       0
       0
       0
       0
       0
       0
       0
       0
       0
       0
       0
       0
       0
       0
       0
       0
       0
       0
       0
       0
       0
       0
       0
       0
       0
       0
       0
       0
       0
       0
       0
       0
       0
       0
       2
      16
      32
      42
      56
      76
      86
      83
     105
     122
     178
     283
    1113
    2666
    2924
    2976
    2948
    2721
    2764
    2788
    2632
    2718
    2685
    2829
    2857
    2881
    2863
    2893
    2825
    2841
    2845
    2942
    2914
    3054
    3118
    3121
    3166
    3366
    3318
    3421
    3536
    3642
    3633
    3767
    3892
    4110
    4247
    4336
    4508
    4727
    4857
    5146
    5400
    5682
    5779
    6119
    6425
    6785
    7115
    7461
    8014
    8345
    8815
    9199
    9597
   10410
   10776
   11149
   11912
   12398
   12969
   13660
   14252
   14826
   15017
   15627
   16165
   16606
   17005
   17685
   17834
   17938
   18006
   18283
   18259
   18034
   17940
   18158
   17733
   17436
   17294
   16470
   16349
   15947
   15401
   14594
   14222
   13731
   13026
   12522
   12100
   11524
   11017
   10296
    9937
    9620
    9125
    8601
    8271
    7806
    7555
    7121
    6807
    6635
    6403
    6109
    5848
    5508
    5447
    5311
    5110
    5023
    4831
    4803
    4536
    4468
    4428
    4249
    4194
    4137
    4090
    3968
    4029
    3988
    3816
    3826
    3845
    3790
    3829
    3718
    3684
    3663
    3678
    3760
    3677
    3666
    3508
    3562
    3603
    3671
    3571
    3499
    3481
    3626
    3442
    3566
    3499
    3582
    3368
    3399
    3315
    3459
    3340
    3462
    3473
    3441
    3448
    3412
    3392
    3553
    3424
    3441
    3270
    3500
    3363
    3405
    3333
    3460
    3443
    3544
    3422
    3504
    3406
    3440
    3462
    3459
    3408
    3376
    3408
    3468
    3457
    3519
    3485
    3456
    3477
    3361
    3498
    3493
    3335
    3605
    3376
    3531
    3535
    3569
    3524
    3679
    3534
    3571
    3602
    3642
    3549
    3673
    3662
    3746
    3802
    3847
    3708
    3876
    3834
    3914
    4027
    3974
    4055
    4124
    4110
    4141
    4189
    4344
    4514
    4470
    4563
    4599
    4772
    4825
    4853
    4939
    4933
    5142
    5197
    5268
    5520
    5628
    5786
    5793
    5862
    5971
    6193
    6363
    6418
    6385
    6447
    6707
    6860
    6947
    6752
    7004
    6965
    7078
    7034
    7201
    7223
    7410
    7388
    7469
    7380
    7413
    7414
    7340
    7351
    7519
    7245
    7224
    7187
    7160
    7113
    7037
    6996
    6976
    6834
    6748
    6751
    6521
    6450
    6425
    6285
    6251
    6225
    6122
    5978
    5989
    5788
    5712
    5868
    5782
    5641
    5532
    5689
    5551
    5293
    5370
    5272
    5298
    5247
    5355
    5251
    5387
    5207
    5190
    5032
    5187
    5104
    4938
    4941
    4885
    4905
    4732
    4766
    4687
    4928
    4650
    4689
    4575
    4673
    4535
    4375
    4495
    4452
    4288
    4217
    4349
    4366
    4358
    4182
    4094
    4120
    4121
    4027
    3963
    4017
    3798
    3887
    3847
    3786
    3861
    3700
    3814
    3667
    3680
    3656
    3657
    3622
    3640
    3629
    3605
    3672
    3630
    3624
    3703
    3476
    3566
    3526
    3617
    3603
    3539
    3551
    3556
    3558
    3370
    3414
    3552
    3544
    3650
    3553
    3691
    3466
    3632
    3574
    3602
    3628
    3564
    3563
    3557
    3616
    3731
    3585
    3613
    3530
    3619
    3693
    3671
    3725
    3689
    3732
    3719
    3673
    3773
    3818
    3852
    3672
    3779
    3811
    3630
    3914
    3741
    3734
    3796
    3846
    3786
    3869
    3803
    3709
    3865
    3915
    3808
    3835
    3778
    3876
    3910
    3893
    3943
    3905
    4004
    3880
    4025
    3929
    3957
    3816
    3910
    3952
    3942
    4088
    4119
    3946
    3966
    3915
    3994
    4011
    4004
    4057
    4109
    3993
    4015
    4126
    3999
    4058
    3956
    4029
    4120
    4132
    4113
    4177
    4103
    4105
    4113
    4097
    4220
    4092
    4268
    4137
    4084
    4166
    4209
    4158
    4190
    4241
    4264
    4301
    4382
    4237
    4161
    4260
    4178
    4243
    4186
    4216
    4223
    4340
    4286
    4378
    4327
    4298
    4203
    4259
    4301
    4353
    4333
    4416
    4310
    4337
    4302
    4313
    4338
    4358
    4271
    4261
    4176
    4293
    4284
    4402
    4324
    4292
    4459
    4379
    4534
    4388
    4425
    4419
    4362
    4359
    4378
    4415
    4492
    4378
    4559
    4352
    4383
    4578
    4420
    4426
    4444
    4564
    4469
    4632
    4478
    4346
    4481
    4478
    4526
    4541
    4491
    4624
    4422
    4499
    4522
    4565
    4563
    4498
    4462
    4464
    4697
    4537
    4716
    4646
    4619
    4558
    4476
    4579
    4646
    4642
    4685
    4543
    4563
    4617
    4688
    4623
    4572
    4604
    4495
    4510
    4523
    4594
    4823
    4778
    4534
    4683
    4684
    4669
    4711
    4747
    4688
    4645
    4681
    4649
    4589
    4677
    4685
    4714
    4635
    4778
    4866
    4864
    4772
    4742
    4774
    4753
    4732
    4899
    4862
    4873
    4662
    4729
    4977
    4755
    4843
    4662
    4987
    4789
    4902
    4948
    4945
    4818
    4746
    4981
    4907
    4879
    4994
    5023
    4923
    4958
    4952
    4905
    4871
    5002
    4962
    5145
    5065
    5121
    5162
    4891
    5024
    5005
    5052
    5097
    4927
    5035
    5195
    5164
    5263
    5077
    5338
    5315
    5279
    5290
    5197
    5304
    5333
    5336
    5237
    5411
    5360
    5238
    5407
    5366
    5471
    5531
    5426
    5474
    5636
    5454
    5497
    5636
    5597
    5621
    5787
    5567
    5625
    5729
    5681
    5761
    5664
    5778
    5757
    5820
    5842
    5947
    6057
    5905
    5867
    6057
    6099
    6032
    6214
    6062
    6118
    6202
    6166
    6245
    6102
    6440
    6231
    6441
    6414
    6400
    6382
    6469
    6615
    6501
    6614
    6583
    6600
    6762
    6696
    6714
    6745
    6800
    6775
    6737
    6895
    6875
    6895
    6797
    6935
    7120
    7193
    7094
    7044
    7092
    7215
    7126
    7057
    7233
    7112
    7233
    7193
    7245
    7032
    7369
    7324
    7217
    7091
    7290
    7352
    7452
    7415
    7523
    7304
    7431
    7346
    7226
    7270
    7415
    7445
    7344
    7357
    7469
    7473
    7345
    7346
    7429
    7487
    7361
    7310
    7548
    7466
    7525
    7462
    7417
    7532
    7506
    7288
    7430
    7274
    7479
    7339
    7414
    7314
    7389
    7553
    7272
    7371
    7580
    7391
    7406
    7382
    7374
    7322
    7493
    7440
    7347
    7116
    7414
    7477
    7538
    7298
    7331
    7272
    7355
    7210
    7287
    7280
    7279
    7293
    7282
    7298
    7257
    7336
    7288
    7261
    7318
    7193
    7039
    7129
    7427
    7227
    7185
    7193
    7170
    7140
    7056
    7230
    7161
    7155
    7106
    7170
    6997
    7090
    7062
    6984
    7061
    7078
    7056
    7108
    7008
    7038
    6986
    7151
    6972
    6971
    6960
    6888
    7042
    6950
    7006
    6932
    6854
    6989
    6963
    6931
    6825
    6932
    6816
    6901
    6897
    6773
    6779
    6889
    6973
    6984
    6837
    6828
    6838
    6904
    6941
    6661
    6772
    6796
    6728
    6652
    6726
    6858
    6727
    6777
    6703
    6824
    6706
    6788
    6732
    6803
    6650
    6724
    6596
    6587
    6649
    6650
    6540
    6533
    6553
    6496
    6607
    6500
    6564
    6524
    6600
    6632
    6587
    6564
    6566
    6460
    6490
    6483
    6408
    6420
    6497
    6523
    6437
    6551
    6329
    6395
    6414
    6490
    6412
    6530
    6501
    6420
    6374
    6255
    6364
    6416
    6276
    6387
    6494
    6442
    6251
    6274
    6391
    6193
    6347
    6297
    6319
    6228
    6315
    6302
    6231
    6231
    6268
    6300
    6202
    6145
    6257
    6296
    6264
    6311
    6291
    6299
    6230
    6127
    6138
    6318
    6256
    6209
    6160
    6114
    6182
    6093
    6136
    6095
    6139
    6214
    6059
    6024
    6038
    6049
    6086
    6029
    6081
    6092
    6206
    6021
    6044
    5949
    5998
    6037
    5960
    6118
    6072
    6200
    6100
    6050
    5918
    6068
    5943
    6076
    5956
    6016
    5996
    5985
    5968
    6009
    6003
    5820
    5872
    5883
    5934
    5811
    5823
    5908
    6059
    5908
    5966
    5921
    5868
    5846
    5994
    5936
    5798
    5965
    5803
    5953
    5872
    5830
    5910
    5836
    5847
    5813
    5745
    5788
    5905
    5873
    5847
    5672
    5896
    5803
    5802
    5682
    5864
    5772
    5829
    5850
    5645
    5783
    5682
    5694
    5788
    5917
    5764
    5728
    5744
    5782
    5760
    5822
    5866
    5806
    5714
    5650
    5630
    5788
    5564
    5764
    5755
    5602
    5699
    5709
    5707
    5703
    5747
    5613
    5648
    5666
    5663
    5603
    5585
    5741
    5723
    5643
    5737
    5667
    5592
    5549
    5768
    5615
    5762
    5492
    5641
    5604
    5565
    5576
    5597
    5629
    5493
    5568
    5576
    5540
    5448
    5546
    5415
    5511
    5487
    5594
    5524
    5483
    5551
    5433
    5625
    5552
    5435
    5552
    5353
    5395
    5549
    5579
    5355
    5481
    5632
    5549
    5530
    5718
    5484
    5333
    5529
    5428
    5563
    5420
    5579
    5406
    5564
    5489
    5462
    5507
    5397
    5336
    5440
    5463
    5481
    5394
    5407
    5507
    5397
    5461
    5608
    5250
    5393
    5368
    5314
    5407
    5379
    5488
    5347
    5208
    5394
    5411
    5334
    5268
    5258
    5321
    5375
    5512
    5390
    5442
    5370
    5345
    5407
    5301
    5263
    5293
    5365
    5215
    5297
    5410
    5375
    5348
    5356
    5340
    5318
    5262
    5242
    5394
    5285
    5435
    5296
    5334
    5240
    5175
    5358
    5301
    5458
    5254
    5331
    5145
    5354
    5302
    5401
    5357
    5212
    5148
    5081
    5316
    5325
    5159
    5364
    5317
    5208
    5182
    5092
    5320
    5159
    5209
    5299
    5348
    5267
    5226
    5226
    5222
    5323
    5238
    5171
    5168
    5204
    5224
    5203
    5164
    5153
    5211
    5313
    5214
    5230
    5235
    5201
    5147
    5053
    5112
    5271
    5343
    5168
    5279
    5062
    5083
    5075
    5092
    5166
    5102
    5233
    5194
    5122
    5213
    5043
    5201
    5160
    5160
    5196
    5183
    5236
    5161
    5189
    5064
    5089
    5121
    5141
    5030
    5003
    5032
    5055
    5160
    5126
    5042
    4977
    5098
    5123
    5061
    5108
    4959
    4873
    5021
    5119
    5123
    5149
    5067
    5060
    4927
    5281
    5098
    5032
    5140
    5231
    5077
    4994
    5042
    5112
    4978
    5062
    5103
    4998
    4939
    5182
    5000
    5028
    4998
    5066
    4982
    5011
    5004
    5129
    5028
    5089
    4904
    5204
    4992
    5023
    4896
    5020
    4979
    5060
    5110
    5107
    5106
    5024
    5113
    4960
    4929
    5048
    4930
    5043
    4912
    4993
    5100
    4998
    5014
    5004
    4926
    5066
    5050
    5007
    4847
    4933
    4942
    4888
    5087
    4905
    4841
    5007
    5086
    4932
    5048
    4923
    4957
    4945
    4841
    4911
    4890
    5244
    4925
    4720
    4939
    5156
    5021
    4931
    4910
    4942
    4900
    4924
    5012
    4887
    4934
    4950
    4998
    4856
    4973
    4975
    4924
    4896
    4946
    4917
    4853
    5124
    4901
    4850
    4967
    4983
    4829
    4928
    5063
    4892
    4822
    5000
    4859
    4983
    5038
    4984
    5008
    4891
    4957
    5069
    4878
    5010
    4824
    4942
    5027
    5031
    4903
    4972
    4993
    5060
    4915
    4802
    4872
    4941
    4971
    5036
    4974
    4941
    4868
    4907
    4958
    4926
    4905
    4859
    4837
    4925
    4868
    4906
    4994
    4845
    4897
    4924
    5054
    4868
    4785
    4790
    4860
    4968
    4841
    4784
    5045
    4827
    4922
    4734
    4746
    4887
    4843
    4964
    4910
    4870
    4821
    4905
    4823
    4805
    4917
    4919
    5013
    4814
    4830
    4937
    4780
    4784
    5003
    4976
    4854
    5018
    4860
    4896
    4797
    4829
    5066
    4927
    4878
    4973
    4841
    4930
    4965
    4799
    4873
    4854
    4869
    4875
    4848
    4916
    4897
    4866
    4828
    5017
    4853
    4721
    4742
    4874
    4844
    4698
    4833
    4903
    4853
    4886
    4854
    4916
    4935
    4830
    4852
    4940
    4876
    4829
    4913
    4840
    4842
    4802
    4884
    4931
    4787
    4797
    4864
    4829
    4793
    4747
    4788
    4840
    4766
    4975
    4762
    4778
    4864
    4838
    4918
    4867
    4636
    4847
    4925
    4834
    4785
    4919
    4858
    4940
    4799
    4762
    4690
    4837
    4740
    4717
    4903
    4825
    4834
    4875
    4800
    4877
    4885
    4957
    4820
    4764
    4885
    4868
    4960
    4798
    4867
    4829
    4882
    4895
    4779
    4836
    4812
    4771
    4784
    4752
    4795
    4861
    4836
    4858
    4722
    4702
    4757
    4785
    4843
    4936
    4919
    4810
    4865
    4788
    4906
    4777
    4794
    4780
    4959
    4852
    4863
    4944
    4825
    4838
    4816
    4924
    4885
    4858
    4817
    4809
    4741
    4835
    4684
    4870
    4800
    4803
    4774
    4858
    4817
    4806
    4692
    4689
    4754
    4770
    4788
    4856
    4842
    4740
    4779
    4877
    4864
    4770
    4890
    4827
    4674
    4691
    4734
    4684
    4753
    4782
    4650
    4744
    4787
    4826
    4698
    4689
    4701
    4709
    4774
    4842
    4829
    4858
    4801
    4672
    4803
    4908
    4731
    4740
    4730
    4669
    4723
    4740
    4842
    4763
    4671
    4646
    4745
    4698
    4655
    4717
    4819
    4738
    4771
    4724
    4907
    4614
    4769
    4711
    4664
    4836
    4669
    4753
    4767
    4666
    4697
    4660
    4594
    4751
    4698
    4733
    4695
    4641
    4596
    4617
    4614
    4629
    4603
    4582
    4685
    4663
    4646
    4680
    4682
    4541
    4509
    4572
    4561
    4572
    4696
    4783
    4399
    4618
    4605
    4623
    4554
    4575
    4425
    4613
    4588
    4575
    4468
    4508
    4472
    4358
    4423
    4428
    4362
    4377
    4364
    4455
    4440
    4316
    4433
    4448
    4386
    4474
    4348
    4361
    4291
    4387
    4304
    4371
    4331
    4140
    4277
    4328
    4292
    4170
    4130
    4222
    4150
    4092
    4066
    4127
    4280
    4215
    4135
    4008
    4141
    4060
    4105
    4053
    4128
    4111
    3988
    4063
    4001
    4016
    3919
    4010
    3958
    3769
    3924
    4007
    3966
    3819
    3851
    3934
    3807
    3902
    3794
    3748
    3822
    3823
    3717
    3783
    3824
    3675
    3710
    3719
    3717
    3703
    3643
    3620
    3612
    3454
    3488
    3472
    3544
    3544
    3437
    3469
    3387
    3516
    3476
    3357
    3468
    3392
    3488
    3355
    3369
    3329
    3325
    3347
    3362
    3336
    3279
    3149
    3181
    3218
    3172
    3236
    3240
    3260
    3129
    3110
    3028
    3177
    2970
    3161
    3143
    3143
    2979
    2961
    3039
    2958
    2996
    2952
    2918
    2896
    2868
    2946
    2894
    2985
    2810
    2822
    2846
    2867
    2835
    2697
    2772
    2807
    2763
    2756
    2793
    2679
    2736
    2691
    2739
    2711
    2739
    2678
    2583
    2629
    2557
    2544
    2510
    2563
    2575
    2569
    2497
    2530
    2490
    2410
    2522
    2562
    2497
    2472
    2562
    2526
    2531
    2464
    2408
    2402
    2411
    2404
    2433
    2370
    2342
    2382
    2413
    2342
    2402
    2386
    2278
    2200
    2263
    2309
    2309
    2269
    2216
    2240
    2310
    2299
    2257
    2219
    2262
    2238
    2223
    2207
    2228
    2165
    2163
    2229
    2177
    2117
    2149
    2248
    2179
    2116
    2184
    2121
    2132
    2152
    2125
    2115
    2210
    2147
    2112
    2078
    2034
    2118
    2097
    2074
    2085
    2134
    2141
    1982
    2032
    2066
    1960
    2025
    1957
    2006
    2014
    2024
    1943
    1963
    1970
    2035
    1997
    1971
    1950
    1907
    1895
    2075
    1904
    2011
    1911
    1964
    1901
    1905
    1944
    1974
    1892
    1895
    1947
    1860
    1861
    1882
    1920
    1854
    1814
    1849
    1833
    1827
    1847
    1879
    1823
    1890
    1783
    1909
    1816
    1857
    1828
    1807
    1815
    1794
    1764
    1801
    1787
    1728
    1784
    1767
    1733
    1848
    1774
    1778
    1816
    1770
    1769
    1802
    1721
    1788
    1766
    1685
    1748
    1698
    1741
    1710
    1685
    1718
    1691
    1691
    1665
    1751
    1635
    1605
    1664
    1697
    1674
    1627
    1651
    1622
    1603
    1683
    1681
    1659
    1705
    1651
    1638
    1650
    1672
    1580
    1614
    1610
    1670
    1587
    1654
    1638
    1564
    1552
    1573
    1552
    1556
    1570
    1688
    1602
    1564
    1549
    1511
    1560
    1547
    1566
    1581
    1570
    1564
    1539
    1567
    1498
    1546
    1526
    1601
    1499
    1558
    1552
    1499
    1530
    1636
    1466
    1436
    1508
    1457
    1480
    1521
    1495
    1514
    1453
    1399
    1510
    1547
    1439
    1502
    1522
    1446
    1498
    1450
    1516
    1547
    1491
    1415
    1390
    1431
    1450
    1549
    1415
    1424
    1426
    1484
    1413
    1445
    1505
    1422
    1392
    1472
    1471
    1430
    1411
    1440
    1406
    1377
    1408
    1425
    1412
    1403
    1415
    1401
    1494
    1367
    1388
    1449
    1404
    1403
    1308
    1410
    1388
    1296
    1436
    1412
    1387
    1348
    1355
    1343
    1341
    1382
    1304
    1410
    1423
    1339
    1335
    1404
    1295
    1327
    1352
    1367
    1368
    1382
    1316
    1373
    1345
    1397
    1334
    1334
    1279
    1337
    1362
    1384
    1358
    1218
    1336
    1333
    1346
    1318
    1315
    1361
    1333
    1353
    1298
    1355
    1324
    1318
    1329
    1407
    1392
    1331
    1342
    1305
    1332
    1354
    1361
    1392
    1352
    1332
    1350
    1312
    1261
    1316
    1377
    1329
    1328
    1301
    1374
    1314
    1256
    1306
    1327
    1300
    1357
    1313
    1372
    1296
    1317
    1419
    1367
    1376
    1287
    1367
    1396
    1374
    1348
    1382
    1265
    1378
    1362
    1365
    1398
    1398
    1391
    1452
    1371
    1362
    1393
    1373
    1411
    1443
    1411
    1431
    1402
    1412
    1431
    1321
    1458
    1406
    1456
    1490
    1396
    1430
    1456
    1481
    1513
    1448
    1529
    1562
    1489
    1478
    1487
    1447
    1574
    1471
    1520
    1463
    1519
    1487
    1548
    1601
    1624
    1554
    1610
    1660
    1667
    1562
    1600
    1633
    1713
    1746
    1695
    1716
    1708
    1774
    1771
    1750
    1794
    1788
    1754
    1821
    1816
    1784
    1877
    1901
    1882
    1923
    1903
    1941
    2011
    2013
    2015
    1995
    1968
    2055
    2142
    2113
    2079
    2171
    2165
    2253
    2255
    2340
    2379
    2316
    2276
    2436
    2387
    2514
    2563
    2525
    2563
    2552
    2569
    2668
    2691
    2693
    2761
    2744
    2769
    2894
    2791
    2991
    3001
    3047
    3141
    3106
    3180
    3272
    3261
    3404
    3316
    3416
    3465
    3625
    3591
    3638
    3673
    3868
    3956
    3867
    3954
    4092
    4231
    4194
    4251
    4358
    4425
    4284
    4587
    4612
    4752
    4825
    5018
    4973
    5018
    5043
    5299
    5454
    5538
    5509
    5638
    5626
    5750
    5908
    6090
    6083
    6334
    6300
    6402
    6522
    6689
    6659
    6933
    7002
    7230
    7302
    7374
    7461
    7607
    7654
    7795
    7937
    7967
    8311
    8491
    8547
    8686
    8759
    8973
    9226
    9234
    9487
    9536
    9691
    9702
   10130
   10245
   10228
   10500
   10549
   10734
   10957
   11238
   11176
   11481
   11634
   11910
   12084
   12158
   12359
   12485
   12740
   13136
   13041
   13318
   13589
   14035
   14035
   14186
   14251
   14404
   14755
   14982
   15024
   15156
   15351
   15920
   15954
   16061
   16512
   16485
   16753
   17078
   17333
   17714
   17692
   17806
   17983
   18159
   18266
   18755
   19078
   19277
   19578
   19345
   19856
   19924
   20146
   20608
   20423
   20874
   21228
   21137
   21734
   21707
   21825
   22137
   22382
   22545
   22641
   22819
   22995
   23669
   23313
   23635
   23794
   24149
   24293
   24596
   24578
   24528
   24943
   25093
   25311
   25572
   25776
   26093
   26208
   26478
   26697
   26773
   26603
   26869
   27259
   27003
   27472
   27439
   27539
   27601
   27792
   28212
   28606
   28229
   28297
   28433
   28364
   28697
   29117
   29071
   29105
   29308
   29090
   29318
   29310
   29788
   29492
   29722
   29464
   29585
   29671
   29827
   29957
   29788
   30081
   29748
   29826
   29947
   30155
   30078
   30138
   30157
   30114
   29977
   29725
   29848
   29606
   30325
   29635
   29881
   30082
   29415
   29526
   29528
   29434
   29748
   29387
   29310
   29260
   28895
   29271
   29110
   28753
   28507
   28890
   28440
   28474
   28031
   28247
   27686
   27679
   27734
   27700
   27326
   27693
   27128
   27100
   26719
   26438
   26256
   26403
   26257
   25755
   25849
   25689
   25595
   25422
   25200
   24904
   24783
   24500
   24013
   24122
   23897
   23578
   23274
   23295
   22918
   22598
   22781
   22275
   21967
   22072
   21405
   21619
   20985
   21061
   20742
   20619
   20221
   20090
   19639
   19583
   19597
   19205
   18919
   18854
   18524
   18226
   17980
   17873
   17698
   17427
   17109
   16996
   16650
   16370
   16409
   15997
   15747
   15543
   15286
   14926
   14730
   14645
   14461
   14209
   13746
   13747
   13350
   13402
   13182
   13026
   12693
   12330
   12441
   12077
   11923
   11804
   11468
   11330
   11154
   10854
   10584
   10552
   10368
   10109
    9945
    9612
    9768
    9459
    9406
    9163
    8897
    8900
    8539
    8425
    8332
    8263
    7932
    8032
    7702
    7712
    7414
    7173
    7059
    7045
    6908
    6879
    6711
    6474
    6503
    6163
    6175
    6062
    5765
    5772
    5618
    5663
    5553
    5322
    5268
    5167
    5142
    4971
    4809
    4736
    4729
    4771
    4582
    4413
    4400
    4286
    4280
    4210
    3973
    3939
    3826
    3833
    3761
    3698
    3642
    3558
    3450
    3381
    3293
    3283
    3315
    3176
    3160
    3096
    3009
    2942
    2969
    2915
    2886
    2824
    2809
    2772
    2693
    2648
    2601
    2549
    2421
    2465
    2496
    2425
    2435
    2447
    2338
    2381
    2303
    2275
    2183
    2179
    2116
    2097
    2129
    2121
    2072
    2089
    1962
    1954
    2083
    1883
    2017
    1921
    1943
    1837
    1913
    1919
    1865
    1858
    1856
    1818
    1803
    1802
    1722
    1694
    1685
    1763
    1761
    1708
    1724
    1705
    1624
    1624
    1619
    1577
    1618
    1609
    1531
    1604
    1657
    1594
    1555
    1523
    1554
    1542
    1599
    1503
    1534
    1553
    1464
    1451
    1540
    1522
    1467
    1473
    1476
    1474
    1471
    1489
    1432
    1432
    1467
    1503
    1412
    1512
    1425
    1452
    1505
    1412
    1388
    1463
    1413
    1379
    1477
    1401
    1452
    1393
    1392
    1409
    1385
    1377
    1428
    1421
    1375
    1423
    1385
    1402
    1324
    1386
    1347
    1305
    1376
    1391
    1361
    1338
    1286
    1363
    1363
    1415
    1394
    1330
    1377
    1324
    1273
    1320
    1353
    1324
    1342
    1318
    1262
    1291
    1344
    1318
    1292
    1335
    1342
    1282
    1308
    1299
    1267
    1266
    1330
    1371
    1319
    1301
    1357
    1307
    1276
    1303
    1336
    1255
    1315
    1267
    1273
    1289
    1304
    1202
    1296
    1313
    1274
    1336
    1286
    1292
    1207
    1237
    1295
    1271
    1218
    1248
    1191
    1216
    1268
    1277
    1245
    1210
    1257
    1275
    1286
    1268
    1231
    1232
    1226
    1227
    1287
    1221
    1225
    1198
    1260
    1271
    1184
    1188
    1250
    1241
    1162
    1233
    1203
    1198
    1271
    1217
    1225
    1191
    1227
    1181
    1188
    1204
    1218
    1116
    1219
    1146
    1130
    1214
    1134
    1203
    1188
    1241
    1206
    1236
    1167
    1190
    1190
    1156
    1141
    1180
    1120
    1187
    1181
    1112
    1134
    1165
    1157
    1175
    1156
    1094
    1094
    1148
    1111
    1184
    1171
    1175
    1198
    1209
    1097
    1185
    1164
    1155
    1131
    1043
    1155
    1213
    1119
    1074
    1106
    1126
    1115
    1177
    1098
    1086
    1114
    1166
    1093
    1188
    1131
    1144
    1101
    1121
    1090
    1102
    1104
    1108
    1077
    1122
    1132
    1170
    1052
    1114
    1034
    1049
    1116
    1100
    1052
    1111
    1045
    1122
    1124
    1159
    1076
    1093
    1083
    1108
    1030
    1087
    1120
    1073
    1138
    1135
    1089
    1083
    1086
    1123
    1098
    1081
    1111
    1124
    1067
    1125
    1064
    1084
    1100
    1068
    1112
    1083
    1027
    1069
    1095
    1078
    1144
    1110
    1096
    1030
    1108
    1075
    1041
    1099
    1082
    1119
    1040
    1104
    1108
    1061
    1048
    1066
    1081
    1056
    1055
    1072
     973
    1026
    1084
    1073
    1073
    1098
    1127
    1080
    1117
    1094
    1073
    1107
    1013
    1064
    1028
    1040
    1069
    1044
    1084
    1009
    1108
    1055
    1063
    1045
    1045
    1083
    1060
    1091
    1019
    1012
    1017
    1066
    1030
    1042
    1048
    1068
    1040
    1094
    1071
    1053
    1072
    1101
    1045
     996
    1097
    1055
    1027
    1054
    1017
    1041
    1107
    1086
    1034
    1082
    1069
    1078
    1052
    1040
    1034
    1101
    1050
    1063
    1088
    1043
    1060
    1062
    1071
    1080
    1085
    1084
    1004
    1093
    1009
    1095
    1102
    1071
    1105
    1040
    1056
    1068
    1058
    1088
     989
    1097
    1091
    1073
    1059
    1049
    1091
    1035
    1079
    1013
    1124
    1036
    1102
    1087
    1035
    1111
    1037
    1001
    1069
    1032
    1038
    1056
    1065
    1105
    1097
    1034
    1063
    1032
    1016
    1098
    1026
    1017
    1042
    1047
    1060
    1069
    1083
    1079
    1013
    1044
    1019
    1059
    1114
    1102
    1036
    1084
    1091
    1104
    1019
    1078
    1119
    1100
    1054
    1082
    1013
    1043
    1085
    1052
    1083
    1109
    1070
    1097
    1117
    1110
    1063
    1045
    1011
    1070
    1068
    1005
    1064
    1041
    1101
    1108
    1074
    1021
    1129
    1077
    1110
    1032
    1037
    1092
    1108
    1041
    1065
    1073
    1092
    1064
    1035
    1068
    1074
    1053
    1044
    1038
    1105
    1075
    1106
    1051
    1117
    1086
    1120
    1090
    1064
    1045
    1003
    1083
    1075
    1066
    1089
    1057
    1042
    1102
    1114
    1052
     991
    1028
    1115
    1024
    1061
    1008
    1073
     985
    1069
    1051
    1077
    1068
    1018
    1035
    1079
    1106
    1029
    1071
    1099
    1067
    1036
    1012
    1104
    1029
    1051
    1060
    1069
    1040
    1056
    1021
    1012
    1058
    1012
    1008
    1016
    1028
    1023
    1035
     997
    1020
    1062
     984
    1059
    1032
     999
    1024
    1038
    1036
    1036
    1030
    1003
    1021
    1004
     992
     984
    1008
    1005
    1034
    1018
    1021
     980
    1042
     972
    1001
    1006
    1005
    1082
     968
    1039
    1040
    1013
     971
     999
    1007
    1060
    1016
    1011
    1009
     963
     971
     939
    1023
    1015
     988
     969
     942
    1013
     996
     971
     963
     971
     982
     973
     944
    1021
     964
    1003
    1089
     973
     918
    1014
    1003
     967
    1029
    1005
    1002
     947
     986
     990
     971
     981
     967
     980
     994
     950
     956
    1011
     943
     927
     954
     970
     968
     947
     960
    1003
     996
     998
     931
     932
     936
     942
     956
     929
     918
    1002
    1010
     940
     937
     942
     920
     918
     913
     917
     908
     883
     894
     963
     912
     943
     952
     889
     926
     964
     913
     882
     901
     865
     880
     922
     917
     942
     855
     918
     875
     864
     890
     899
     915
     939
     890
     878
     932
     943
     869
     864
     928
     830
     933
     884
     885
     894
     945
     902
     848
     872
     849
     883
     912
     884
     902
     916
     848
     879
     804
     872
     852
     821
     880
     841
     918
     859
     865
     809
     932
     872
     857
     877
     865
     878
     853
     894
     874
     838
     880
     848
     859
     832
     883
     862
     882
     835
     862
     890
     809
     833
     847
     832
     864
     848
     883
     855
     864
     816
     862
     832
     854
     830
     794
     836
     833
     805
     819
     856
     881
     842
     840
     762
     853
     873
     795
     811
     834
     798
     887
     798
     836
     768
     835
     747
     851
     824
     813
     823
     840
     790
     757
     818
     800
     773
     805
     783
     807
     788
     845
     830
     845
     793
     799
     810
     807
     800
     794
     850
     785
     796
     839
     768
     821
     816
     792
     758
     805
     810
     832
     806
     761
     839
     811
     839
     755
     781
     782
     785
     778
     774
     784
     745
     807
     784
     744
     753
     791
     741
     761
     756
     773
     742
     794
     780
     713
     798
     800
     775
     755
     755
     718
     746
     769
     777
     745
     777
     762
     774
     792
     755
     769
     750
     763
     747
     703
     780
     791
     794
     799
     718
     733
     777
     723
     723
     705
     727
     736
     688
     731
     764
     747
     753
     715
     752
     707
     729
     735
     693
     746
     755
     718
     721
     716
     730
     722
     707
     712
     748
     709
     712
     727
     732
     738
     743
     731
     741
     750
     714
     727
     739
     733
     737
     706
     697
     774
     719
     702
     733
     742
     706
     692
     691
     685
     693
     764
     698
     690
     763
     698
     707
     703
     693
     645
     699
     710
     696
     721
     678
     690
     687
     698
     663
     709
     657
     692
     729
     697
     662
     724
     712
     710
     671
     706
     686
     672
     706
     659
     643
     698
     678
     648
     676
     706
     675
     666
     670
     677
     680
     667
     651
     633
     670
     689
     708
     665
     642
     667
     690
     697
     668
     668
     679
     649
     662
     716
     691
     683
     674
     626
     659
     725
     660
     685
     693
     690
     698
     689
     625
     656
     658
     670
     628
     658
     596
     643
     680
     649
     651
     699
     669
     714
     649
     645
     695
     651
     661
     638
     650
     648
     680
     621
     674
     635
     679
     629
     653
     610
     577
     604
     683
     655
     721
     671
     655
     667
     619
     604
     594
     629
     652
     621
     630
     634
     616
     629
     640
     635
     630
     651
     641
     631
     616
     671
     631
     630
     658
     590
     620
     612
     625
     630
     631
     580
     623
     623
     651
     602
     605
     624
     634
     628
     601
     596
     594
     612
     598
     592
     603
     616
     615
     640
     589
     659
     631
     629
     606
     612
     618
     632
     654
     597
     571
     637
     614
     590
     589
     551
     594
     602
     614
     616
     608
     611
     619
     603
     605
     522
     589
     571
     608
     590
     593
     593
     599
     581
     617
     645
     593
     587
     594
     554
     576
     577
     578
     595
     607
     557
     614
     613
     610
     596
     559
     591
     591
     570
     595
     609
     535
     589
     570
     585
     543
     604
     567
     589
     623
     602
     633
     579
     631
     613
     589
     605
     590
     576
     568
     576
     571
     604
     597
     580
     576
     528
     545
     619
     607
     580
     542
     616
     590
     563
     562
     550
     578
     581
     588
     604
     544
     529
     585
     577
     550
     567
     544
     570
     590
     591
     572
     552
     571
     539
     552
     553
     509
     562
     584
     614
     579
     527
     568
     529
     542
     551
     535
     517
     505
     526
     543
     577
     519
     529
     495
     553
     578
     567
     539
     507
     577
     567
     538
     568
     530
     529
     537
     555
     554
     506
     557
     578
     506
     528
     569
     543
     574
     586
     547
     555
     565
     562
     534
     496
     521
     523
     540
     557
     522
     552
     554
     495
     496
     533
     518
     542
     557
     547
     530
     551
     527
     578
     508
     564
     577
     512
     530
     511
     516
     537
     501
     514
     483
     533
     506
     558
     556
     502
     500
     505
     516
     543
     547
     510
     523
     555
     495
     509
     516
     511
     578
     485
     491
     513
     526
     506
     449
     525
     524
     556
     531
     465
     518
     510
     502
     517
     470
     506
     515
     508
     527
     492
     489
     473
     511
     528
     526
     525
     502
     477
     472
     498
     556
     504
     525
     515
     473
     491
     502
     481
     478
     499
     514
     480
     488
     471
     502
     516
     441
     496
     510
     487
     497
     516
     512
     500
     461
     474
     483
     501
     493
     490
     517
     460
     467
     521
     483
     495
     513
     492
     475
     465
     491
     513
     524
     464
     519
     494
     486
     497
     517
     467
     471
     504
     472
     458
     481
     450
     467
     471
     444
     502
     459
     481
     441
     498
     477
     456
     489
     508
     463
     472
     465
     433
     484
     477
     473
     477
     510
     454
     496
     474
     484
     448
     433
     431
     434
     490
     494
     493
     461
     460
     460
     427
     488
     407
     418
     464
     454
     480
     465
     469
     448
     461
     472
     457
     427
     452
     424
     494
     482
     473
     448
     448
     459
     459
     451
     464
     451
     416
     441
     451
     457
     458
     450
     418
     452
     437
     448
     466
     445
     443
     392
     439
     441
     404
     442
     486
     412
     457
     415
     437
     458
     408
     476
     439
     456
     465
     408
     405
     439
     485
     440
     393
     414
     443
     448
     449
     435
     425
     455
     462
     459
     420
     447
     420
     415
     443
     419
     433
     443
     411
     430
     439
     414
     368
     431
     444
     412
     397
     408
     401
     445
     419
     439
     413
     423
     450
     426
     432
     422
     397
     407
     394
     408
     399
     408
     428
     374
     404
     412
     395
     411
     413
     454
     374
     405
     401
     442
     406
     386
     392
     404
     401
     384
     388
     400
     427
     412
     392
     411
     392
     436
     419
     370
     358
     392
     396
     413
     425
     398
     365
     394
     364
     363
     421
     378
     413
     373
     374
     398
     394
     407
     378
     402
     405
     406
     377
     398
     406
     371
     365
     373
     389
     361
     415
     364
     390
     381
     397
     411
     335
     391
     415
     353
     400
     394
     373
     365
     384
     375
     340
     339
     367
     363
     377
     352
     349
     340
     348
     367
     389
     347
     394
     379
     379
     364
     341
     366
     355
     359
     374
     340
     356
     364
     340
     376
     386
     338
     388
     339
     399
     324
     370
     355
     367
     333
     348
     327
     351
     362
     327
     326
     368
     370
     360
     378
     359
     366
     348
     353
     337
     368
     329
     393
     388
     342
     349
     324
     374
     332
     377
     327
     328
     303
     309
     330
     343
     330
     377
     394
     318
     339
     325
     348
     321
     368
     311
     310
     331
     328
     376
     357
     331
     338
     317
     374
     348
     349
     337
     341
     322
     314
     357
     342
     343
     350
     359
     338
     340
     333
     323
     322
     364
     311
     353
     276
     351
     312
     301
     364
     321
     306
     331
     337
     336
     353
     370
     343
     355
     326
     320
     332
     319
     326
     311
     337
     339
     348
     334
     329
     351
     329
     342
     290
     310
     340
     319
     342
     355
     318
     322
     342
     324
     304
     340
     310
     331
     330
     321
     343
     340
     330
     313
     269
     340
     317
     327
     290
     331
     303
     349
     325
     367
     338
     285
     363
     333
     322
     315
     297
     342
     338
     324
     315
     326
     296
     303
     336
     334
     301
     294
     320
     319
     314
     309
     328
     300
     308
     296
     353
     309
     298
     312
     324
     328
     326
     332
     309
     352
     305
     330
     333
     302
     301
     326
     338
     343
     332
     318
     321
     280
     297
     304
     298
     342
     313
     326
     313
     304
     340
     336
     307
     306
     332
     327
     308
     310
     321
     320
     314
     326
     301
     301
     309
     327
     310
     344
     317
     298
     308
     302
     310
     306
     282
     308
     314
     299
     326
     334
     321
     281
     316
     327
     290
     308
     320
     315
     337
     314
     306
     319
     284
     288
     312
     301
     321
     300
     297
     362
     289
     338
     296
     299
     298
     316
     335
     295
     309
     299
     300
     299
     331
     299
     337
     346
     286
     331
     310
     345
     314
     300
     335
     341
     310
     336
     324
     318
     333
     312
     350
     305
     307
     322
     325
     310
     332
     323
     338
     332
     308
     331
     315
     327
     318
     330
     325
     311
     332
     337
     313
     349
     357
     311
     316
     319
     292
     312
     359
     323
     326
     305
     317
     354
     337
     300
     323
     350
     313
     318
     308
     298
     289
     318
     313
     323
     385
     306
     338
     325
     321
     328
     323
     291
     303
     340
     313
     320
     337
     322
     317
     339
     330
     317
     321
     350
     281
     323
     298
     321
     351
     340
     325
     290
     331
     317
     355
     301
     337
     296
     378
     307
     342
     356
     339
     309
     323
     344
     343
     324
     323
     316
     327
     324
     325
     358
     355
     318
     348
     332
     317
     356
     322
     359
     328
     329
     312
     329
     315
     350
     305
     325
     384
     377
     382
     338
     341
     349
     304
     345
     350
     361
     353
     330
     327
     315
     342
     360
     356
     340
     342
     348
     373
     374
     335
     371
     356
     370
     337
     392
     367
     347
     357
     366
     348
     360
     353
     350
     343
     331
     339
     344
     358
     364
     347
     367
     359
     328
     362
     386
     336
     409
     372
     368
     352
     370
     356
     365
     364
     347
     372
     349
     364
     359
     354
     390
     344
     347
     344
     369
     358
     389
     363
     379
     353
     388
     354
     398
     375
     392
     355
     386
     356
     384
     340
     390
     374
     359
     398
     369
     381
     378
     355
     390
     360
     392
     376
     409
     417
     380
     368
     388
     372
     364
     369
     412
     394
     385
     391
     403
     422
     365
     378
     403
     404
     403
     384
     417
     366
     355
     359
     439
     414
     386
     424
     406
     405
     411
     393
     399
     402
     389
     394
     385
     410
     445
     379
     389
     402
     438
     432
     403
     431
     396
     423
     440
     471
     411
     409
     417
     423
     390
     426
     386
     411
     420
     460
     419
     434
     395
     408
     432
     437
     423
     386
     434
     440
     413
     429
     395
     424
     437
     431
     410
     448
     443
     435
     429
     440
     473
     426
     451
     413
     433
     446
     429
     456
     427
     412
     444
     413
     398
     435
     432
     414
     461
     425
     442
     428
     428
     427
     429
     453
     418
     427
     439
     460
     487
     438
     458
     452
     414
     428
     426
     414
     448
     421
     453
     477
     432
     415
     464
     419
     458
     434
     413
     438
     457
     465
     470
     440
     448
     406
     439
     451
     452
     447
     479
     441
     410
     457
     476
     461
     426
     459
     393
     480
     445
     428
     409
     420
     429
     438
     429
     441
     441
     422
     436
     439
     420
     433
     417
     446
     393
     441
     389
     453
     405
     503
     415
     428
     427
     440
     431
     441
     400
     424
     427
     411
     430
     407
     416
     399
     437
     391
     392
     402
     391
     428
     394
     443
     450
     393
     383
     394
     397
     424
     408
     371
     374
     375
     442
     422
     419
     420
     365
     356
     415
     379
     382
     388
     392
     380
     398
     396
     385
     343
     361
     364
     377
     397
     344
     374
     366
     366
     359
     355
     363
     351
     352
     373
     335
     363
     371
     349
     375
     336
     338
     333
     378
     326
     388
     361
     322
     335
     338
     291
     319
     358
     318
     321
     289
     350
     325
     321
     292
     321
     297
     275
     310
     300
     297
     262
     335
     295
     329
     315
     278
     270
     271
     266
     297
     272
     287
     287
     260
     281
     292
     265
     259
     276
     275
     297
     264
     256
     273
     257
     252
     279
     237
     278
     256
     247
     270
     233
     243
     250
     241
     248
     232
     221
     244
     258
     208
     235
     255
     229
     242
     228
     241
     200
     222
     249
     223
     204
     219
     208
     221
     223
     232
     186
     206
     188
     204
     223
     201
     174
     181
     185
     175
     220
     185
     216
     201
     199
     187
     199
     178
     199
     172
     170
     174
     189
     185
     179
     161
     160
     157
     183
     167
     152
     153
     135
     171
     157
     178
     156
     156
     174
     139
     175
     164
     138
     157
     142
     148
     136
     122
     161
     138
     151
     140
     119
     134
     141
     151
     164
     130
     114
     124
     130
     137
     122
     121
     118
     125
     115
     132
     110
     118
     126
     129
     100
     114
     117
     103
     113
     100
     111
      94
     119
     127
     109
     138
     118
     106
      93
      97
     106
     103
      98
     116
      97
      81
     111
     105
      97
     100
      70
     106
      85
      88
     101
      96
      98
      83
      95
      83
     101
      94
     101
      89
      99
      78
      95
      89
      85
      73
      94
      93
     100
      85
      96
      75
      97
      85
      80
      82
      89
      72
      97
      77
      77
      76
      84
     100
      82
      74
      82
      87
      85
      93
      97
      75
      72
      83
      68
      76
      85
      62
      84
      78
      94
      74
      77
      90
      73
      79
      85
      63
      81
      79
      76
      67
      75
      82
      72
      69
      83
      67
      75
      85
      83
      76
      75
      76
      80
      70
      67
      59
      64
      80
      75
      78
      62
      77
      62
      63
      68
      74
      60
      82
      72
      69
      60
      56
      74
      62
      66
      71
      56
      58
      68
      56
      75
      83
      71
      68
      73
      66
      76
      61
      67
      49
      65
      71
      71
      73
      62
      51
      68
      73
      71
      63
      70
      57
      52
      51
      55
      62
      66
      67
      74
      61
      62
      88
      55
      62
      53
      58
      79
      60
      62
      57
      61
      73
      62
      76
      59
      56
      66
      51
      68
      47
      50
      62
      63
      46
      68
      62
      52
      58
      70
      72
      66
      59
      56
      59
      58
      68
      54
      79
      67
      60
      64
      77
      73
      60
      55
      50
      64
      56
      61
      58
      48
      58
      81
      65
      57
      52
      55
      55
      64
      48
      51
      62
      54
      62
      54
      66
      63
      49
      60
      68
      52
      48
      48
      70
      58
      51
      67
      60
      51
      63
      55
      56
      67
      50
      46
      43
      64
      64
      51
      48
      54
      57
      60
      63
      51
      40
      60
      60
      51
      66
      46
      58
      64
      56
      53
      50
      58
      43
      63
      49
      43
      50
      53
      55
      40
      58
      64
      68
      51
      54
      60
      50
      50
      54
      51
      55
      59
      58
      48
      41
      46
      53
      49
      49
      49
      59
      46
      58
      43
      56
      56
      44
      54
      49
      54
      45
      41
      55
      63
      61
      47
      56
      53
      43
      46
      47
      45
      55
      58
      51
      60
      44
      49
      50
      47
      49
      38
      48
      55
      55
      46
      52
      59
      59
      43
      46
      49
      43
      49
      47
      54
      53
      55
      43
      48
      54
      64
      58
      46
      59
      58
      51
      55
      56
      71
      52
      43
      41
      57
      51
      38
      49
      36
      51
      49
      57
      32
      50
      42
      54
      50
      58
      50
      56
      51
      46
      56
      62
      39
      47
      43
      47
      64
      64
      36
      49
      48
      48
      41
      56
      40
      67
      52
      23
      38
      45
      47
      45
      48
      42
      47
      41
      41
      45
      39
      32
      48
      47
      46
      33
      70
      47
      47
      49
      48
      38
      38
      47
      49
      44
      51
      41
      40
      46
      49
      33
      38
      42
      41
      52
      44
      43
      50
      42
      41
      39
      52
      44
      61
      43
      33
      42
      39
      33
      37
      37
      40
      40
      41
      48
      55
      49
      47
      48
      40
      45
      38
      41
      34
      49
      44
      46
      39
      54
      50
      30
      39
      40
      42
      54
      37
      31
      44
      39
      46
      46
      42
      49
      54
      44
      42
      31
      39
      45
      39
      46
      33
      45
      54
      41
      44
      54
      47
      41
      49
      42
      38
      35
      46
      31
      36
      34
      42
      48
      38
      35
      47
      36
      43
      45
      49
      39
      26
      35
      41
      32
      35
      45
      36
      49
      45
      43
      53
      40
      37
      43
      44
      34
      46
      51
      37
      54
      34
      40
      51
      35
      49
      34
      54
      40
      47
      42
      51
      47
      37
      47
      43
      37
      41
      46
      32
      48
      44
      50
      40
      47
      40
      45
      42
      40
      38
      44
      42
      32
      52
      34
      47
      41
      38
      35
      56
      46
      45
      36
      41
      37
      34
      43
      36
      40
      31
      33
      33
      40
      43
      36
      30
      41
      39
      32
      50
      39
      38
      40
      36
      47
      38
      42
      42
      43
      47
      38
      37
      35
      29
      47
      39
      33
      28
      35
      35
      39
      40
      33
      36
      45
      44
      38
      35
      35
      44
      41
      34
      33
      44
      37
      35
      32
      49
      39
      29
      34
      47
      43
      36
      36
      40
      34
      39
      37
      38
      38
      32
      48
      32
      35
      29
      30
      35
      35
      29
      37
      37
      38
      37
      32
      30
      29
      40
      47
      26
      27
      42
      19
      30
      30
      45
      35
      40
      25
      33
      36
      38
      26
      22
      36
      36
      35
      27
      31
      37
      43
      34
      29
      44
      34
      34
      37
      35
      36
      34
      29
      34
      34
      37
      41
      29
      34
      41
      33
      36
      37
      37
      29
      26
      36
      34
      23
      43
      28
      38
      37
      26
      29
      31
      31
      31
      33
      36
      27
      35
      32
      36
      33
      27
      43
      20
      34
      28
      26
      31
      33
      34
      29
      25
      28
      32
      36
      28
      26
      33
      26
      40
      36
      37
      31
      30
      34
      26
      30
      25
      51
      21
      35
      26
      36
      27
      39
      22
      27
      28
      41
      36
      19
      23
      22
      35
      25
      30
      35
      16
      25
      19
      30
      32
      17
      33
      26
      25
      34
      25
      41
      26
      21
      36
      26
      26
      30
      37
      28
      30
      31
      33
      17
      33
      26
      35
      28
      27
      28
      35
      34
      19
      15
      28
      24
      29
      28
      27
      27
      30
      31
      28
      25
      25
      37
      25
      23
      28
      37
      35
      31
      29
      27
      21
      22
      28
      33
      31
      20
      28
      25
      17
      25
      25
      24
      36
      29
      25
      31
      43
      28
      24
      22
      29
      25
      31
      32
      27
      27
      33
      32
      33
      27
      33
      19
      26
      23
      34
      30
      30
      23
      28
      32
      30
      31
      33
      16
      28
      24
      19
      21
      37
      26
      26
      32
      20
      26
      22
      29
      27
      35
      21
      33
      17
      23
      39
      36
      21
      28
      29
      28
      20
      21
      27
      19
      26
      25
      29
      22
      20
      24
      37
      29
      21
      24
      28
      18
      37
      22
      23
      24
      24
      24
      18
      22
      23
      32
      26
      22
      37
      32
      28
      16
      18
      35
      30
      24
      22
      24
      28
      29
      19
      27
      22
      21
      22
      22
      19
      26
      28
      25
      29
      17
      11
      15
      32
      19
      21
      20
      18
      23
      21
      26
      21
      20
      29
      27
      25
      23
      29
      27
      22
      20
      17
      22
      18
      26
      31
      27
      26
      23
      21
      23
      21
      25
      35
      23
      26
      33
      24
      20
      19
      18
      17
      21
      30
      19
      24
      20
      21
      27
      28
      27
      20
      17
      24
      15
      32
      24
      24
      22
      22
      26
      25
      21
      30
      16
      15
      15
      18
      25
      35
      24
      22
      20
      26
      21
      21
      18
      20
      26
      24
      20
      19
      24
      25
      27
      22
      17
      20
      23
      26
      10
      25
      24
      19
      20
      23
      18
      16
      19
      28
      34
      14
      17
      20
      23
      21
      30
      18
      18
      17
      11
      19
      27
      17
      17
      27
      25
      18
      18
      16
      21
      22
      23
      12
      21
      17
      18
      17
      24
      26
      21
      21
      17
      22
      20
      24
      21
      26
      19
      30
      35
      25
      16
      28
      23
      16
      17
      21
      16
      18
      19
      20
      21
      17
      24
      23
      23
      18
      26
      22
      20
      21
      23
      31
      20
      20
      24
      24
      22
      29
      16
      14
      13
      14
      22
      15
      22
      26
      28
       7
      19
      20
      22
      19
      14
      32
      15
      20
      17
      16
      11
      19
      23
      19
      15
      22
      18
      17
      25
      20
      13
      22
      16
       9
      22
      18
      23
      18
      26
      23
      14
      15
      19
      28
      15
      15
      25
      16
      24
      17
      13
      21
      24
      17
      17
      22
      20
      17
      14
      19
      12
      23
      22
      15
      19
      18
      24
      20
      13
      17
      20
      25
      14
      16
      24
      19
      16
      14
      14
      18
      15
      16
      16
      15
      22
      17
      14
      24
      22
      29
       9
      18
      20
      18
      17
      13
      19
      14
      26
      27
      17
      21
      19
      21
      19
      11
      19
      14
      17
      15
      23
      17
      21
      20
      20
      18
      13
      23
      24
      21
      23
      14
      16
      17
      17
      14
      23
      12
      26
      25
      30
      16
      19
      14
      14
      20
      20
      13
      15
      15
      15
      15
      20
      14
      14
      12
      22
      19
      13
      19
      16
      18
      12
      23
      16
      11
      20
      20
      14
      18
      16
      13
      21
      14
      15
      18
       7
      13
      11
      19
      20
      11
      14
      14
      18
      10
      19
      11
      20
      18
      17
      17
      20
      27
      11
      19
      18
      16
      21
      16
      18
      12
      14
      19
      11
      14
      16
      11
      21
      18
      15
      13
      17
      19
      16
      17
      11
      21
      17
      11
      24
       9
      20
      20
      17
      22
      16
      12
      13
      15
      11
      15
      23
      11
      13
      13
      12
      17
      20
      10
      15
      16
      13
      14
      17
      16
      16
      10
      20
       8
      17
      25
      20
      15
      19
      12
      10
      19
      24
      17
      17
      15
      12
      19
      12
      14
      16
      16
      20
      11
      15
      20
      16
      13
      10
      15
      19
      16
      16
      15
      11
      15
      10
      14
      16
      14
      17
      13
       5
      18
      12
      10
      19
      22
      10
      15
      11
       6
       9
      11
      13
       8
      26
       6
      21
      10
      13
      11
       9
      19
      14
      14
      10
      18
      15
      17
      19
      15
      10
      13
      14
      17
      19
      16
      13
      18
      13
       8
      13
      21
       9
      14
      14
      18
      15
      14
       9
      12
      21
      11
      17
      15
      15
      14
      14
       8
       4
      21
      17
      13
      10
      12
      20
      15
      12
       9
      20
      16
      16
       7
      14
      12
      14
      11
       9
       7
       7
      14
      18
       7
      16
      14
      12
      20
      12
      11
      11
      10
      11
      18
      24
      19
      11
      17
       7
      19
      13
      18
      14
       5
      14
      11
      12
      10
      14
      12
      12
      17
       7
      10
      12
      15
      10
       8
      16
      13
      10
      13
      15
      11
       9
      13
      17
      12
      12
      15
      11
       7
       5
      16
      10
      11
      10
      13
      11
      14
      12
      13
      15
      11
       7
      15
      12
      12
      15
       6
       9
      10
      10
      13
      14
      10
      11
      10
      13
      18
      10
      10
       7
      19
       9
      17
       6
      14
       8
      14
      14
      10
      14
      15
      13
       9
      19
      10
      17
      15
       7
      14
      17
      13
      11
       9
       8
       8
      10
      19
      10
       8
      14
      10
      14
      11
       8
      12
      12
      12
      16
       7
      13
      20
       5
       5
       9
      12
       8
      16
      13
       7
       8
      10
      12
      13
      15
      11
       7
      13
      15
      10
       8
      14
      13
      11
      11
      11
       8
      15
      10
      11
       5
       8
      15
      11
      14
       8
      11
      12
       9
      10
      12
      11
      11
      11
      10
      13
      12
      11
      15
      10
      13
       5
       4
       9
      14
      12
       6
      14
       9
      15
       6
      11
      10
      13
      11
       9
       5
      12
       9
      10
      18
       8
      15
      16
      10
      15
      10
       7
       5
       9
       8
      13
      16
      13
       9
       9
       7
      15
       7
      13
      15
      12
      11
       5
       7
      12
      10
      10
      12
      13
       8
       6
       8
      13
       6
       8
      12
      16
      10
      13
      14
      11
       8
      16
      10
      12
       8
       9
      16
      13
       5
       3
       8
       9
       9
      12
       5
      10
       6
      11
       8
       5
      11
      12
      14
      14
       8
       7
       8
      11
      13
       8
      14
      13
      13
       9
      11
      10
      11
       9
      16
       7
      15
      12
      11
      14
      11
       6
      12
       7
      14
      11
       6
      13
      12
      11
      11
      11
      10
       8
      10
       8
       8
      16
      10
      13
      12
       6
      14
      10
      11
       8
      12
      12
      13
      12
      10
      11
      12
      11
      12
      11
       7
      10
      11
       6
       9
      14
       7
      10
       9
       7
       3
      10
       7
      14
       6
      14
       3
       8
      10
       7
       2
       6
       5
      10
       4
       8
       9
      10
       8
       5
       9
       9
      11
      10
       9
       5
       7
       9
       7
       7
       7
       4
       9
       7
       6
       6
       8
       7
       8
      11
      12
       2
       9
       9
       8
      12
       6
      10
       7
      14
       8
      15
       6
       6
       8
      13
       3
      10
      11
       9
       7
       5
       7
       6
       8
       2
       7
       9
       7
      13
      10
       8
       3
       9
       5
       8
      11
      14
       6
       8
      12
      12
       6
       8
       7
      13
       9
      13
      10
       7
       8
       5
       9
       5
      14
       5
      10
       8
       5
      10
       9
       3
      11
       6
       9
       9
       5
       9
       7
       8
      14
      11
       2
       7
      15
      10
       7
       9
      11
       9
      13
       8
       6
       8
      10
      11
      11
       6
       7
      10
       8
       8
       8
       6
       3
       6
       7
       8
       2
       5
      10
       9
       6
       3
      10
      14
      11
       4
       9
      10
      14
       7
      10
       9
       8
       9
       6
      10
       7
       9
       5
       9
       4
       9
       9
       7
       5
       3
       3
       9
      10
       3
       8
      11
      10
      12
      11
       9
      10
       8
       4
       9
       7
       9
       7
       9
       9
       5
      10
       9
       5
      14
       5
       5
       8
       4
      12
       5
       9
       7
       8
       4
       9
       8
       7
       5
      12
       4
       5
       6
       4
      13
       4
      10
      11
       7
       8
       9
       6
       9
       6
      13
      12
       9
       8
       9
      11
      11
       7
       9
       8
       8
      11
       4
       6
       8
       5
       3
       7
       3
       1
       9
      11
      10
       6
       4
       7
       3
       5
       6
       6
       3
       5
       5
       5
      11
       9
       6
       5
       9
       6
       5
       8
       3
       4
       4
       7
       7
      12
       8
       7
       5
       4
       6
       7
       9
       6
       8
       7
       8
       8
       4
       8
       6
      10
       9
       5
       9
       7
       3
       7
       4
       5
      10
      12
       3
       9
       3
      11
       6
       3
       7
       9
       4
       6
       4
       4
       9
       6
       5
       4
       6
       6
       3
       6
       9
       8
       9
       8
       4
       7
       5
       5
       4
       8
       7
      11
       7
      10
       6
       2
       8
       5
       4
       8
      12
       6
       7
       6
       7
       6
       7
       8
       5
       6
       8
       7
       5
       5
       6
       8
       3
       8
       5
       6
       5
       9
       8
       8
       5
      12
       6
       9
       7
       9
      10
       1
       7
       6
       6
      10
       5
       9
       5
       3
       6
       6
       9
       5
       5
       8
       7
       7
       6
       6
       3
       5
       4
       6
       2
       5
       5
       7
      10
       8
       5
       3
       8
       6
       2
       7
       6
       5
       4
       7
       6
       6
       6
       5
       2
       9
       7
       4
       6
       5
       6
       7
       4
       6
       8
       7
       4
       9
      10
       7
       6
       6
       6
       7
       5
       9
       6
       4
       7
       6
       3
       6
       6
       9
       4
       8
       3
       2
       7
       2
       6
       6
       7
       5
       9
       7
      10
       5
       7
       7
       7
       7
       8
       5
       5
       4
      10
       7
       3
       6
       6
       4
       4
       4
       7
       9
       5
       7
       6
       6
       9
       2
       4
       7
       4
       3
       3
       5
       3
       1
       5
       6
       8
       4
       3
       7
       3
       2
       2
       5
       2
       7
       4
       4
       3
       3
       2
       5
       1
       4
       4
       4
       4
       3
       4
       4
       1
       4
       0
       4
       6
       4
       5
       6
       5
       3
       3
       5
       2
       5
       4
       9
       5
       8
       4
       1
       6
       8
       3
       5
       9
       2
       3
       1
       7
       5
       4
       2
       3
       5
       6
       4
       3
       7
       4
       8
       3
       1
       6
       4
       3
       7
       8
       8
       4
       5
       4
       4
       1
       6
       3
       2
       4
       5
       3
       4
       2
       6
       9
       5
       1
       5
       6
       5
       2
       2
       7
       1
       3
       4
       2
       4
       2
       3
       3
       3
       2
       1
       1
       0
       3
       3
       4
       2
       4
       0
       2
       4
       3
       2
       2
       3
       4
       0
       1
       5
       2
       3
       3
       3
       3
       3
       2
       5
       3
       6
       0
       3
       3
       3
       3
       2
       2
       1
       3
       2
       4
       3
       3
       3
       3
       7
       3
       2
       4
       3
       5
       3
       1
       2
       2
       1
       2
       2
       4
       5
       1
       4
       3
       5
       1
       2
       1
       1
       2
       3
       1
       3
       2
       3
       4
       1
       2
       3
       4
       3
       4
       0
       1
       3
       3
       0
       2
       4
       3
       0
       2
       2
       3
       2
       2
       1
       3
       0
       1
       2
       2
       2
       3
       1
       5
       3
       5
       1
       2
       5
       2
       3
       1
       4
       4
       1
       0
       2
       2
       2
       3
       2
       2
       5
       1
       4
       1
       4
       0
       2
       2
       2
       0
       1
       4
       4
       4
       2
       1
       0
       1
       0
       4
       1
       0
       0
       2
       3
       6
       1
       3
       1
       1
       2
       1
       1
       0
       1
       0
       0
       2
       2
       0
       2
       2
       2
       0
       0
       1
       1
       1
       1
       3
       2
       3
       1
       1
       2
       2
       3
       2
       2
       1
       1
       2
       2
       2
       0
       0
       2
       1
       1
       1
       2
       5
       0
       2
       0
       1
       1
       0
       2
       1
       1
       3
       2
       1
       1
       1
       1
       1
       2
       2
       3
       2
       3
       2
       1
       1
       0
       2
       1
       3
       2
       2
       3
       2
       3
       5
       0
       1
       1
       3
       0
       3
       2
       4
       1
       0
       1
       0
       0
       0
       2
       2
       1
       2
       1
       4
       0
       1
       0
       0
       0
       0
       1
       2
       1
       0
       2
       0
       0
       4
       4
       0
       0
       2
       0
       0
       1
       1
       1
       1
       1
       2
       1
       1
       3
       1
       1
       1
       2
       1
       2
       1
       2
       3
       2
       0
       1
       3
       1
       1
       3
       0
       1
       3
       2
       1
       0
       2
       0
       2
       1
       2
       0
       3
       1
       2
       1
       1
       0
       1
       4
       0
       0
       1
       1
       0
       0
       0
       0
       0
       0
       1
       1
       2
       2
       0
       0
       3
       3
       0
       2
       0
       1
       0
       2
       1
       1
       1
       0
       1
       0
       2
       3
       1
       0
       3
       0
       0
       2
       0
       1
       0
       0
       0
       1
       3
       1
       0
       0
       1
       1
       2
       0
       1
       1
       0
       1
       0
       2
       0
       2
       3
       4
       2
       0
       1
       1
       1
       1
       1
       0
       2
       0
       1
       1
       1
       0
       0
       0
       3
       2
       0
       0
       1
       0
       1
       0
       0
       0
       0
       1
       2
       0
       1
       1
       0
       0
       0
       1
       0
       0
       1
       0
       0
       1
       4
       1
       2
       0
       2
       0
       0
       0
       2
       1
       1
       1
       1
       1
       2
       2
       2
       0
       1
       4
       0
       0
       0
       0
       2
       0
       1
       1
       1
       0
       3
       1
       0
       0
       3
       1
       0
       2
       1
       0
       0
       0
       0
       0
       2
       0
       0
       2
       1
       1
       4
       2
       1
       2
       0
       1
       2
       0
       1
       0
       1
       0
       1
       0
       0
       0
       0
       0
       0
       0
       0
       0
       0
       0
       0
       0
       0
       0
       0
       0
       0
       0
       0
       0
       0
       0
       0
       0
       0
       0
       0
       0
       0
       0
       0
       0
       0
       0
       0
       0
       0
       0
       0
       0
       0
       0
       0
       0
       0
       0
       0
       0
       0
       0
       0
       0
       0
       0
       0
       0
       0
       0
       0
       0
       0
       0
       0
       0
       0
       0
       0
       0
       0
       0
       0
       0
       0
       0
       0
       0
       0
       0
       0
       0
       0
       0
       0
       0
       0
       0
       0
       0
       0
       0
       0
       0
       0
       0
       0
       0
       0
       0
       0
       0
       0
       0
       0
       0
       0
       0
       0
       0
       0
       0
       0
       0
       0
       0
       0
       0
       0
       0
       0
       0
       0
       0
       0
       0
       0
       0
       0
       0
$ROI:
1
2261 2719
$PRESETS:
None
0
0
$ENER_FIT:
2.403762 -0.000304
$MCA_CAL:
3
2.403762E+000 -3.044810E-004 0.000000E+000 MeV
$SHAPE_CAL:
3
-9.430995E+002 2.464035E-001 0.000000E+000
