$SPEC_ID:
No sample description was entered.
$SPEC_REM:
DET# 1
DETDESC# DESKTOP-PNQJTCJ Easy-MCA-8k SN 09161357
AP# Maestro Version 7.01
$DATE_MEA:
05/03/2024 09:59:23
$MEAS_TIM:
495 611
$DATA:
0 8191
       0
       0
       0
       0
       0
       0
       0
       0
       0
       0
       0
       0
       0
       0
       0
       0
       0
       0
       0
       0
       0
       0
       0
       0
       0
       0
       0
       0
       0
       0
       0
       0
       0
       0
       0
       0
       0
       0
       0
       0
       0
       0
       0
       0
       0
       0
       0
       0
       0
       0
       0
       0
       0
       0
       0
       0
       1
      12
      24
      36
      33
      45
      49
      68
      66
      61
      91
     156
     711
    1815
    2104
    2188
    2186
    2084
    2111
    2053
    2018
    2140
    2008
    2109
    2095
    2091
    2096
    2058
    2153
    2121
    2078
    2095
    2106
    2111
    2159
    2182
    2086
    2122
    2188
    2149
    2037
    2296
    2158
    2169
    2062
    2124
    2194
    2221
    2173
    2133
    2085
    2270
    2238
    2167
    2264
    2223
    2231
    2259
    2216
    2191
    2269
    2324
    2192
    2304
    2304
    2319
    2310
    2276
    2242
    2345
    2378
    2289
    2309
    2223
    2249
    2257
    2372
    2258
    2306
    2386
    2330
    2276
    2402
    2265
    2331
    2276
    2301
    2394
    2364
    2352
    2368
    2290
    2387
    2335
    2344
    2401
    2281
    2349
    2445
    2340
    2451
    2445
    2410
    2500
    2490
    2474
    2429
    2569
    2411
    2562
    2539
    2500
    2528
    2629
    2611
    2580
    2674
    2671
    2686
    2762
    2702
    2722
    2740
    2677
    2790
    2840
    2840
    2899
    2762
    2751
    2930
    2926
    2918
    2897
    2928
    2949
    2789
    2883
    2916
    2847
    2893
    2901
    2857
    2903
    2823
    2846
    2764
    2767
    2798
    2772
    2722
    2781
    2764
    2751
    2762
    2663
    2739
    2691
    2749
    2592
    2640
    2605
    2686
    2563
    2555
    2523
    2574
    2654
    2576
    2622
    2661
    2585
    2594
    2609
    2532
    2552
    2590
    2550
    2674
    2636
    2632
    2669
    2566
    2587
    2580
    2656
    2654
    2678
    2583
    2581
    2603
    2603
    2670
    2688
    2587
    2665
    2675
    2630
    2654
    2717
    2634
    2665
    2675
    2637
    2693
    2681
    2675
    2831
    2745
    2658
    2813
    2804
    2801
    2782
    2828
    2834
    2895
    2794
    2900
    3014
    2977
    2970
    3126
    3086
    3255
    3332
    3270
    3297
    3389
    3325
    3511
    3556
    3787
    3793
    3865
    3982
    4045
    4111
    4263
    4338
    4538
    4650
    4770
    4751
    5060
    5179
    5265
    5339
    5674
    5758
    5824
    5969
    6159
    6188
    6406
    6364
    6459
    6787
    6672
    6762
    6693
    6649
    6697
    6840
    6956
    6925
    6934
    6887
    6762
    6685
    6688
    6632
    6570
    6489
    6358
    6388
    6167
    6226
    6074
    5935
    5973
    5768
    5615
    5597
    5461
    5297
    5196
    5136
    5067
    5035
    4971
    4951
    4833
    4746
    4823
    4751
    4517
    4607
    4491
    4508
    4494
    4485
    4543
    4432
    4401
    4386
    4326
    4266
    4301
    4256
    4306
    4262
    4351
    4198
    4054
    3915
    4018
    4038
    4013
    3880
    3977
    3819
    3816
    3727
    3634
    3689
    3507
    3490
    3479
    3368
    3126
    3272
    3303
    3286
    3156
    3177
    3102
    2995
    2862
    3026
    3009
    2940
    2993
    2892
    2857
    2824
    2867
    2833
    2869
    2749
    2796
    2763
    2753
    2779
    2647
    2772
    2742
    2719
    2721
    2822
    2833
    2703
    2704
    2842
    2787
    2713
    2714
    2714
    2656
    2758
    2776
    2765
    2777
    2726
    2794
    2713
    2716
    2811
    2779
    2737
    2809
    2725
    2723
    2900
    2849
    2809
    2745
    2838
    2817
    2889
    2801
    2787
    2774
    2836
    2837
    2893
    2882
    2879
    2915
    3006
    2874
    2904
    2901
    2868
    2987
    2941
    2967
    2974
    2920
    2893
    2987
    2985
    2873
    2830
    2977
    3056
    3012
    3071
    3027
    2925
    2935
    3138
    3012
    3041
    3046
    2967
    3083
    3008
    3117
    3050
    3099
    3002
    3037
    3066
    3121
    3119
    3137
    3049
    3110
    3147
    3130
    3113
    3142
    3161
    3091
    3049
    3101
    3161
    3087
    3208
    3150
    3173
    3098
    3175
    3184
    3159
    3173
    3238
    3268
    3206
    3205
    3162
    3353
    3320
    3237
    3181
    3235
    3208
    3258
    3234
    3190
    3284
    3209
    3178
    3260
    3300
    3343
    3185
    3303
    3346
    3259
    3278
    3250
    3291
    3301
    3362
    3337
    3326
    3406
    3328
    3206
    3335
    3308
    3254
    3357
    3426
    3301
    3384
    3352
    3490
    3353
    3333
    3461
    3405
    3418
    3476
    3388
    3421
    3349
    3465
    3465
    3491
    3462
    3536
    3308
    3434
    3520
    3506
    3489
    3520
    3529
    3499
    3436
    3510
    3528
    3423
    3499
    3597
    3410
    3560
    3543
    3583
    3580
    3622
    3566
    3496
    3517
    3592
    3596
    3599
    3530
    3560
    3666
    3538
    3570
    3650
    3634
    3612
    3632
    3639
    3716
    3657
    3631
    3572
    3626
    3780
    3610
    3683
    3723
    3601
    3769
    3744
    3707
    3592
    3695
    3741
    3754
    3769
    3768
    3831
    3685
    3783
    3748
    3721
    3711
    3804
    3838
    3705
    3904
    3830
    3825
    3855
    3794
    3808
    3804
    3928
    3933
    3817
    3972
    3924
    3928
    3821
    3887
    3991
    3912
    4028
    3856
    4056
    4014
    4102
    4161
    3997
    4100
    4179
    4151
    4038
    4080
    4221
    4095
    4064
    4154
    4130
    4231
    4341
    4150
    4320
    4347
    4374
    4287
    4254
    4290
    4460
    4576
    4390
    4520
    4454
    4536
    4457
    4540
    4521
    4565
    4623
    4623
    4565
    4639
    4674
    4635
    4732
    4766
    4605
    4725
    4659
    4820
    4804
    4808
    4753
    4750
    4788
    4842
    4820
    4757
    4922
    5030
    5020
    5038
    4946
    4992
    5030
    4994
    5066
    4978
    5059
    5032
    5158
    5086
    4929
    5068
    4997
    5139
    5064
    5104
    5092
    5123
    5184
    5282
    5137
    5109
    5182
    5194
    5294
    5134
    5236
    5343
    5243
    5171
    5210
    5152
    5315
    5112
    5240
    5366
    5257
    5252
    5207
    5266
    5195
    5254
    5323
    5280
    5297
    5335
    5177
    5193
    5164
    5330
    5237
    5114
    5307
    5252
    5294
    5227
    5145
    5391
    5295
    5333
    5263
    5253
    5258
    5368
    5218
    5390
    5194
    5222
    5272
    5239
    5229
    5266
    5256
    5275
    5261
    5163
    5243
    5171
    5066
    5284
    5255
    5375
    5181
    5101
    5285
    5239
    5365
    5271
    5145
    5182
    5210
    5288
    5105
    5183
    5201
    5131
    5159
    5226
    5194
    5204
    5174
    5303
    5249
    5098
    5199
    5186
    5155
    5179
    5184
    5171
    5174
    5400
    5188
    5119
    5275
    5130
    5138
    5228
    5174
    5152
    5076
    5184
    5201
    5177
    5214
    5192
    5214
    5130
    5065
    5083
    5104
    5001
    5071
    5188
    5067
    4959
    5197
    5085
    5102
    5175
    5133
    5140
    5101
    5318
    5055
    5156
    5251
    5274
    5141
    5118
    5128
    5207
    5159
    5120
    5106
    5276
    5134
    5139
    5151
    5135
    5141
    5039
    5291
    5153
    5195
    5130
    5074
    5193
    5047
    5073
    5175
    5187
    5182
    5100
    5171
    5194
    5005
    4967
    5102
    5130
    5100
    5047
    5008
    5060
    5160
    5083
    5012
    5049
    5170
    5150
    4977
    5013
    5082
    5168
    5116
    5002
    5140
    5040
    5108
    4957
    5059
    4914
    5026
    5031
    5073
    4933
    5137
    4761
    4893
    5060
    4931
    4988
    5011
    4902
    4980
    5050
    4992
    4870
    4987
    4922
    5018
    4873
    4925
    4985
    4989
    5143
    4988
    5027
    5034
    5024
    4965
    4980
    4887
    5085
    4987
    5006
    4960
    5046
    4874
    4912
    4939
    4734
    4777
    4781
    4917
    4865
    4854
    4990
    4878
    4816
    4941
    4898
    4943
    4950
    4776
    4838
    4889
    4845
    4837
    4808
    4894
    4813
    4925
    4872
    4816
    4943
    4910
    4853
    4840
    4795
    4783
    4845
    4744
    4746
    4806
    4811
    4896
    4817
    4702
    4779
    4866
    4869
    4757
    4814
    4746
    4754
    4886
    4725
    4738
    4795
    4745
    4843
    4860
    4747
    4677
    4722
    4742
    4803
    4628
    4641
    4744
    4830
    4714
    4835
    4745
    4709
    4694
    4867
    4692
    4790
    4729
    4638
    4676
    4657
    4634
    4693
    4714
    4695
    4706
    4727
    4632
    4755
    4549
    4653
    4801
    4713
    4661
    4668
    4687
    4655
    4513
    4625
    4671
    4654
    4678
    4657
    4574
    4669
    4639
    4736
    4666
    4756
    4580
    4670
    4624
    4621
    4513
    4727
    4660
    4632
    4495
    4543
    4547
    4530
    4641
    4563
    4595
    4663
    4517
    4587
    4512
    4658
    4556
    4653
    4506
    4629
    4571
    4492
    4620
    4587
    4462
    4601
    4518
    4621
    4602
    4667
    4526
    4520
    4501
    4576
    4514
    4525
    4557
    4575
    4479
    4479
    4436
    4622
    4491
    4585
    4575
    4527
    4600
    4427
    4480
    4402
    4592
    4529
    4502
    4393
    4489
    4375
    4496
    4395
    4433
    4414
    4467
    4610
    4522
    4535
    4603
    4482
    4411
    4481
    4359
    4465
    4457
    4415
    4507
    4428
    4554
    4428
    4434
    4611
    4507
    4473
    4489
    4411
    4482
    4427
    4424
    4434
    4493
    4421
    4361
    4301
    4399
    4447
    4507
    4418
    4489
    4399
    4351
    4345
    4380
    4444
    4413
    4444
    4473
    4407
    4406
    4401
    4402
    4279
    4300
    4408
    4372
    4397
    4351
    4379
    4434
    4381
    4443
    4375
    4470
    4304
    4333
    4364
    4293
    4367
    4303
    4471
    4308
    4375
    4329
    4327
    4288
    4345
    4280
    4300
    4353
    4264
    4278
    4195
    4267
    4228
    4393
    4182
    4212
    4227
    4265
    4179
    4252
    4260
    4136
    4254
    4358
    4270
    4197
    4158
    4131
    4277
    4164
    4230
    4113
    4255
    4239
    4176
    4286
    4128
    4259
    4118
    4111
    4272
    4101
    4147
    4112
    4158
    4147
    4135
    4144
    4140
    4153
    4000
    3952
    3971
    4042
    4028
    4068
    4010
    3942
    3948
    3848
    3955
    3999
    4063
    4088
    3957
    4022
    3967
    4053
    3924
    4018
    3942
    3910
    3731
    3832
    3921
    3803
    3851
    3851
    3839
    3790
    3783
    3801
    3792
    3698
    3761
    3819
    3724
    3724
    3757
    3684
    3809
    3574
    3650
    3755
    3591
    3628
    3632
    3621
    3674
    3532
    3631
    3519
    3487
    3539
    3421
    3417
    3420
    3501
    3403
    3485
    3411
    3441
    3447
    3362
    3375
    3339
    3366
    3338
    3276
    3321
    3160
    3287
    3222
    3245
    3197
    3105
    3295
    3188
    3153
    3168
    3151
    3221
    3074
    3126
    3076
    3073
    3114
    3039
    3073
    3070
    2992
    3029
    2975
    3020
    2985
    3075
    2915
    3045
    2980
    2961
    2862
    2951
    2978
    2868
    2995
    2881
    2877
    2800
    2754
    2786
    2784
    2793
    2864
    2851
    2850
    2816
    2691
    2670
    2825
    2689
    2663
    2762
    2783
    2746
    2716
    2700
    2758
    2669
    2709
    2720
    2683
    2561
    2719
    2568
    2539
    2574
    2673
    2571
    2605
    2558
    2565
    2675
    2644
    2557
    2615
    2515
    2583
    2597
    2562
    2578
    2499
    2417
    2622
    2560
    2542
    2445
    2508
    2492
    2492
    2481
    2433
    2413
    2467
    2472
    2396
    2350
    2476
    2446
    2400
    2463
    2525
    2449
    2482
    2448
    2428
    2368
    2415
    2458
    2403
    2416
    2363
    2428
    2384
    2356
    2355
    2390
    2354
    2370
    2333
    2252
    2376
    2312
    2302
    2332
    2339
    2277
    2299
    2351
    2295
    2457
    2278
    2326
    2235
    2252
    2286
    2251
    2267
    2352
    2278
    2205
    2165
    2285
    2329
    2239
    2211
    2177
    2227
    2205
    2190
    2200
    2138
    2114
    2222
    2179
    2190
    2226
    2220
    2192
    2233
    2267
    2234
    2182
    2159
    2161
    2132
    2127
    2131
    2151
    2156
    2157
    2208
    2131
    2155
    2213
    2153
    2173
    2230
    2229
    2073
    2197
    2050
    2118
    2106
    2156
    2096
    2084
    2078
    2129
    2144
    2075
    2077
    2098
    1978
    2117
    2135
    2054
    2034
    2080
    2107
    2074
    2035
    1972
    2064
    2051
    2100
    2051
    2063
    2019
    2030
    1992
    1989
    1959
    1979
    2038
    2038
    1986
    1974
    1966
    1928
    1994
    2003
    1926
    2018
    1905
    1992
    2007
    1988
    1998
    1949
    1976
    2000
    1980
    2014
    1982
    1993
    1955
    1966
    1984
    1912
    1936
    1945
    1881
    1868
    1884
    1932
    1867
    1976
    1864
    1948
    1884
    1927
    1917
    1854
    1935
    1931
    1910
    1961
    1930
    1887
    1959
    1847
    1976
    1856
    1901
    1858
    1925
    1888
    1895
    1868
    1727
    1846
    1834
    1875
    1890
    1836
    1897
    1863
    1792
    1844
    1951
    1865
    1880
    1833
    1833
    1825
    1859
    1868
    1925
    1772
    1823
    1842
    1832
    1781
    1847
    1838
    1741
    1807
    1755
    1862
    1733
    1718
    1746
    1817
    1798
    1818
    1783
    1796
    1770
    1704
    1793
    1808
    1750
    1841
    1745
    1724
    1749
    1793
    1738
    1728
    1815
    1722
    1776
    1812
    1730
    1767
    1664
    1681
    1775
    1681
    1740
    1763
    1705
    1677
    1710
    1699
    1696
    1807
    1744
    1693
    1710
    1708
    1732
    1811
    1719
    1767
    1663
    1726
    1786
    1683
    1629
    1652
    1721
    1712
    1747
    1748
    1754
    1755
    1675
    1625
    1732
    1701
    1737
    1756
    1690
    1672
    1731
    1735
    1655
    1680
    1688
    1694
    1762
    1675
    1747
    1758
    1705
    1734
    1712
    1703
    1693
    1709
    1713
    1682
    1755
    1667
    1655
    1654
    1654
    1683
    1680
    1677
    1713
    1637
    1711
    1668
    1672
    1651
    1636
    1680
    1685
    1653
    1736
    1712
    1740
    1763
    1778
    1729
    1777
    1679
    1754
    1700
    1731
    1742
    1785
    1799
    1706
    1709
    1749
    1706
    1723
    1775
    1756
    1718
    1767
    1785
    1796
    1894
    1786
    1815
    1857
    1836
    1811
    1804
    1767
    1854
    1929
    1859
    1878
    1854
    1893
    1932
    1880
    1955
    1894
    1939
    1918
    1926
    1938
    2007
    2057
    2002
    2077
    1984
    2045
    2112
    2163
    2090
    2068
    2140
    2242
    2143
    2208
    2266
    2209
    2207
    2261
    2344
    2410
    2396
    2447
    2462
    2426
    2578
    2477
    2587
    2595
    2597
    2690
    2623
    2751
    2760
    2720
    2818
    2826
    2852
    2940
    2995
    3105
    3131
    3070
    3191
    3272
    3257
    3291
    3348
    3511
    3540
    3572
    3600
    3719
    3698
    3787
    3878
    3923
    4087
    3893
    4216
    4182
    4318
    4325
    4415
    4488
    4606
    4717
    4809
    4914
    5011
    5053
    5174
    5224
    5308
    5269
    5555
    5583
    5477
    5975
    5939
    6044
    6146
    6200
    6289
    6572
    6514
    6695
    6858
    7134
    7180
    7223
    7440
    7504
    7661
    7692
    7968
    7881
    8094
    8489
    8376
    8532
    8532
    8992
    8943
    9111
    9190
    9461
    9753
    9816
   10026
   10258
   10297
   10530
   10676
   10891
   11018
   11246
   11360
   11505
   11763
   12007
   12298
   12235
   12325
   12576
   12746
   12924
   13108
   13370
   13584
   13872
   13753
   14070
   14371
   14306
   14761
   15004
   15017
   15392
   15357
   15697
   15697
   16223
   16230
   16394
   16612
   16692
   17000
   17224
   17633
   17605
   17814
   18024
   18091
   18363
   18507
   18662
   19021
   19278
   19314
   19432
   19682
   19598
   20021
   20034
   20481
   20500
   20482
   20927
   20874
   21106
   21101
   21188
   21383
   21445
   21830
   21894
   22008
   22076
   22420
   22227
   22485
   22458
   22836
   22797
   23135
   22897
   22897
   23204
   23082
   23166
   23431
   23471
   23172
   23482
   23488
   23583
   23705
   23557
   23659
   23573
   23647
   23831
   23856
   23775
   23528
   23794
   23566
   23867
   23732
   23696
   23827
   23513
   23597
   23524
   23370
   23699
   23334
   23400
   23459
   22861
   23219
   23120
   22648
   22626
   22674
   22648
   22278
   22253
   22175
   22106
   22008
   21807
   21807
   21401
   21528
   21225
   20790
   20908
   21094
   20707
   20432
   20448
   19897
   19981
   19712
   19573
   19614
   19138
   19063
   18554
   18337
   18579
   17812
   17737
   17811
   17341
   17202
   16982
   16839
   16445
   16426
   16213
   16039
   15785
   15660
   15380
   15182
   14855
   14710
   14480
   14232
   13949
   13768
   13445
   13393
   13223
   12903
   12815
   12360
   12250
   12216
   12100
   11606
   11373
   11310
   11092
   10932
   10629
   10428
   10284
    9971
    9774
    9629
    9374
    9102
    9080
    8612
    8702
    8525
    8283
    8233
    7932
    7699
    7555
    7224
    7270
    6938
    6982
    6738
    6707
    6416
    6240
    5978
    5985
    5895
    5629
    5593
    5435
    5383
    5394
    5141
    4885
    4842
    4799
    4577
    4507
    4451
    4397
    4243
    4054
    3865
    3898
    3787
    3658
    3678
    3421
    3362
    3380
    3174
    3176
    3121
    3031
    2961
    2834
    2905
    2721
    2784
    2645
    2559
    2447
    2560
    2362
    2346
    2314
    2226
    2170
    2152
    2158
    2060
    1992
    1897
    1964
    1889
    1850
    1926
    1829
    1706
    1747
    1722
    1634
    1671
    1645
    1599
    1520
    1646
    1461
    1505
    1375
    1436
    1420
    1379
    1405
    1392
    1379
    1390
    1289
    1251
    1295
    1335
    1276
    1270
    1292
    1241
    1244
    1203
    1228
    1174
    1216
    1131
    1209
    1171
    1190
    1164
    1133
    1150
    1106
    1131
    1179
    1112
    1122
    1104
    1091
    1088
    1094
    1062
    1071
    1052
    1057
    1026
    1160
    1029
    1066
    1020
    1019
    1127
    1081
    1036
     973
    1016
    1053
    1101
    1083
    1138
    1035
    1078
    1063
    1012
     988
    1059
    1052
    1028
    1007
    1019
    1000
     996
    1031
    1042
    1023
    1024
    1021
    1036
    1080
    1055
    1031
    1060
    1083
     955
    1048
    1028
    1015
    1007
    1042
    1003
    1076
    1009
    1041
     962
    1048
    1085
    1011
    1089
    1028
    1001
     992
    1033
     980
    1039
    1020
    1049
    1046
     988
    1061
    1070
    1023
    1006
    1033
    1041
    1017
    1038
     938
    1024
    1000
     954
    1079
    1011
    1046
    1065
    1008
    1032
     988
    1066
     935
    1079
     961
    1014
    1014
     968
    1012
    1013
    1010
    1014
     984
    1023
    1049
     995
     976
    1010
     973
     982
    1004
    1018
    1062
    1019
    1049
    1004
     995
     976
    1037
     957
     971
    1039
    1077
    1013
     983
     984
     995
     950
    1020
     993
     976
     960
    1004
     953
     929
     959
     968
     991
     998
     974
    1030
     970
    1034
     957
    1011
    1007
    1020
     999
    1020
     996
     992
     986
     969
     977
     997
     985
     971
     978
    1003
     976
     922
    1003
     926
     962
     993
     937
    1004
     948
     978
     915
     920
     979
     972
     952
     976
     950
     991
     955
     921
     927
     944
     974
     959
     953
     929
     915
     920
     955
     946
     966
     897
     940
     901
     916
     947
     939
     916
     980
     893
     938
     958
     902
     877
     937
     907
     919
     930
     984
     923
     880
     915
     933
     956
     927
     889
     956
     927
     880
     891
     934
     939
     936
     942
     903
     941
     850
     883
     963
     859
     915
     913
     994
     879
     880
     910
     923
     912
     875
     922
     929
     939
     855
     876
     899
     954
     915
     920
     906
     926
     855
     871
     909
     834
     888
     925
     879
     924
     968
     916
     882
     922
     947
     930
     918
     851
     896
     921
     887
     939
     886
     892
     876
     914
     889
     875
     994
     924
     915
     910
     872
     875
     909
     940
     891
     873
     916
     930
     902
     883
     908
     916
     907
     894
     897
     883
     869
     895
     912
     856
     844
     879
     862
     854
     974
     966
     879
     944
     885
     891
     914
     929
     897
     919
     959
     884
     884
     867
     903
     896
     866
     906
     869
     900
     885
     927
     899
     891
     901
     888
     824
     833
     904
     913
     951
     880
     981
     953
     859
     928
     920
     921
     864
     897
     916
     864
     914
     918
     883
     906
     918
     882
     896
     941
     924
     843
     836
     918
     926
     852
     889
     911
     888
     904
     906
     850
     915
     884
     851
     853
     938
     938
     922
     863
     913
     893
     849
     902
     876
     904
     906
     876
     880
     934
     952
     880
     939
     911
     878
     948
     854
     907
     875
     883
     883
     900
     939
     925
     903
     923
     875
     886
     950
     915
     887
     931
     907
     862
     895
     942
     889
     915
     953
     927
     904
     934
     917
     909
     864
     917
     903
     883
     896
     877
     899
     919
     938
     918
     930
     942
     936
     900
     917
     886
     887
     904
     959
     919
     866
     941
     912
     872
     910
     972
     858
     917
     927
     884
     897
     920
     869
     979
     931
     903
     906
     902
     952
     916
     904
     898
     888
     893
     890
     871
     890
     921
     862
     904
     890
     963
     945
     902
     929
     924
     931
     923
     906
     939
     901
     931
     942
     976
     949
     888
     992
     876
     918
     946
     947
     901
     911
     911
     849
     891
     904
     897
     892
     884
     910
     877
     862
     914
     950
     971
     900
     942
     885
     953
     877
     936
     909
     926
     991
     975
     872
     916
     930
     934
     917
     945
     935
     876
     852
     946
     912
     893
     891
     874
     923
     876
     906
     924
     924
     879
     891
     881
     882
     895
     929
     860
     872
     910
     873
     898
     966
     846
     868
     904
     907
     896
     837
     867
     873
     906
     863
     884
     923
     955
     884
     890
     932
     892
     918
     914
     819
     862
     886
     880
     886
     906
     951
     877
     959
     869
     854
     891
     928
     895
     842
     887
     867
     845
     894
     854
     845
     863
     873
     895
     900
     879
     870
     857
     925
     880
     879
     880
     871
     847
     875
     857
     862
     876
     858
     888
     866
     900
     846
     856
     825
     874
     892
     911
     827
     895
     845
     871
     850
     890
     874
     881
     892
     853
     830
     895
     864
     896
     888
     869
     924
     896
     910
     946
     849
     820
     915
     893
     830
     865
     894
     871
     833
     940
     834
     904
     839
     929
     883
     921
     819
     825
     891
     826
     916
     837
     916
     804
     814
     879
     799
     872
     827
     893
     895
     874
     861
     881
     932
     826
     893
     860
     874
     839
     825
     867
     865
     923
     840
     821
     821
     851
     883
     854
     876
     860
     826
     829
     859
     908
     883
     838
     857
     875
     863
     828
     869
     843
     884
     837
     875
     835
     873
     830
     851
     860
     867
     885
     897
     820
     881
     873
     852
     866
     830
     836
     842
     861
     892
     925
     865
     905
     895
     859
     857
     891
     859
     893
     860
     792
     832
     802
     848
     805
     840
     810
     836
     864
     837
     883
     792
     873
     889
     838
     840
     882
     899
     862
     832
     860
     831
     821
     877
     836
     846
     864
     837
     816
     846
     900
     854
     834
     798
     840
     859
     880
     754
     928
     815
     784
     789
     874
     884
     822
     869
     860
     871
     873
     869
     872
     823
     909
     846
     862
     865
     856
     871
     869
     844
     774
     815
     908
     844
     850
     807
     855
     853
     890
     823
     853
     799
     869
     844
     803
     822
     834
     931
     802
     855
     863
     877
     858
     841
     854
     887
     874
     807
     807
     817
     827
     818
     878
     798
     841
     786
     840
     907
     854
     817
     905
     840
     866
     802
     868
     861
     820
     852
     853
     967
     841
     848
     826
     848
     836
     843
     790
     776
     796
     873
     816
     843
     821
     859
     829
     862
     774
     850
     814
     820
     843
     807
     822
     853
     835
     821
     798
     856
     888
     815
     809
     851
     869
     866
     848
     803
     833
     827
     862
     794
     830
     840
     828
     813
     819
     813
     792
     860
     799
     837
     841
     852
     845
     843
     809
     847
     844
     795
     830
     843
     836
     858
     824
     873
     813
     844
     840
     821
     835
     841
     826
     787
     855
     807
     831
     807
     780
     784
     852
     761
     801
     762
     869
     819
     777
     806
     810
     827
     793
     815
     814
     789
     807
     818
     783
     788
     776
     768
     854
     849
     833
     819
     815
     829
     806
     769
     830
     774
     793
     776
     824
     785
     810
     789
     802
     801
     803
     807
     781
     783
     779
     784
     839
     842
     795
     875
     806
     779
     792
     785
     791
     787
     787
     760
     789
     799
     790
     844
     782
     780
     853
     832
     833
     771
     808
     820
     844
     822
     775
     857
     845
     772
     843
     839
     810
     843
     787
     781
     806
     769
     799
     807
     848
     842
     856
     798
     767
     788
     815
     811
     776
     774
     769
     820
     842
     791
     812
     816
     782
     832
     745
     810
     810
     751
     816
     808
     802
     771
     771
     745
     826
     830
     766
     791
     819
     781
     744
     778
     743
     810
     816
     820
     794
     755
     767
     815
     833
     806
     795
     813
     834
     844
     802
     813
     820
     807
     838
     833
     812
     826
     833
     790
     758
     857
     760
     820
     815
     833
     791
     791
     770
     858
     822
     823
     792
     808
     740
     782
     795
     804
     789
     862
     769
     814
     794
     853
     837
     811
     813
     814
     775
     773
     766
     772
     828
     760
     855
     860
     799
     852
     762
     793
     798
     774
     829
     766
     744
     768
     743
     807
     834
     804
     835
     783
     740
     796
     818
     751
     852
     786
     844
     796
     828
     813
     813
     807
     799
     816
     827
     823
     805
     769
     787
     783
     846
     756
     795
     829
     814
     830
     819
     812
     831
     788
     780
     785
     863
     868
     805
     813
     862
     801
     801
     776
     806
     824
     781
     808
     792
     790
     812
     782
     831
     797
     815
     801
     819
     749
     810
     824
     869
     786
     822
     763
     805
     836
     774
     806
     816
     807
     777
     811
     808
     765
     786
     746
     763
     787
     800
     789
     774
     808
     816
     821
     835
     881
     801
     803
     810
     825
     845
     876
     855
     861
     792
     757
     846
     803
     876
     831
     800
     768
     841
     786
     843
     793
     874
     862
     756
     797
     815
     797
     805
     776
     803
     808
     790
     832
     808
     783
     823
     830
     763
     805
     782
     804
     829
     838
     776
     830
     802
     792
     788
     782
     792
     820
     816
     862
     808
     812
     856
     798
     829
     812
     806
     822
     860
     800
     755
     843
     799
     818
     806
     846
     888
     779
     809
     818
     817
     863
     855
     821
     840
     813
     816
     820
     817
     845
     837
     882
     807
     780
     839
     807
     811
     824
     853
     825
     797
     858
     898
     818
     839
     823
     803
     845
     857
     831
     854
     863
     793
     817
     760
     829
     825
     857
     789
     825
     829
     757
     839
     846
     842
     825
     778
     867
     874
     818
     790
     870
     810
     822
     848
     809
     853
     842
     834
     803
     850
     871
     773
     860
     855
     861
     887
     847
     842
     826
     772
     858
     842
     822
     818
     861
     816
     776
     814
     873
     839
     820
     847
     827
     828
     800
     820
     790
     846
     851
     822
     803
     855
     842
     864
     859
     838
     807
     814
     824
     859
     864
     872
     825
     860
     771
     840
     851
     885
     824
     827
     828
     814
     823
     814
     883
     909
     852
     827
     847
     851
     853
     871
     837
     838
     789
     844
     824
     846
     853
     809
     786
     836
     840
     865
     817
     812
     865
     904
     851
     823
     860
     813
     846
     855
     790
     841
     850
     835
     829
     831
     870
     826
     827
     872
     825
     812
     845
     843
     896
     811
     857
     779
     845
     862
     875
     878
     861
     908
     867
     821
     858
     839
     877
     869
     840
     864
     861
     851
     890
     844
     870
     834
     850
     879
     817
     870
     847
     842
     910
     837
     800
     843
     859
     852
     800
     909
     860
     875
     853
     910
     843
     893
     841
     867
     826
     864
     855
     863
     855
     885
     837
     758
     825
     910
     896
     895
     852
     821
     867
     825
     864
     823
     888
     849
     839
     858
     813
     826
     836
     848
     838
     881
     868
     891
     828
     870
     811
     899
     825
     845
     921
     847
     865
     799
     793
     792
     894
     847
     841
     880
     813
     875
     856
     815
     819
     796
     845
     851
     912
     885
     816
     887
     846
     885
     899
     867
     813
     867
     856
     867
     850
     861
     819
     866
     874
     878
     849
     818
     867
     826
     861
     833
     844
     902
     829
     886
     848
     838
     813
     833
     863
     871
     817
     839
     855
     837
     868
     795
     843
     849
     850
     812
     870
     863
     875
     810
     837
     807
     853
     840
     852
     824
     870
     830
     879
     828
     770
     832
     867
     806
     871
     892
     849
     831
     885
     886
     827
     849
     833
     836
     826
     833
     840
     809
     813
     814
     864
     791
     805
     850
     810
     835
     815
     834
     867
     869
     857
     858
     821
     818
     840
     805
     847
     807
     837
     819
     803
     842
     821
     810
     795
     849
     809
     803
     798
     802
     806
     783
     770
     787
     776
     746
     800
     815
     810
     787
     750
     813
     804
     810
     813
     793
     833
     833
     755
     798
     782
     786
     788
     785
     786
     752
     825
     852
     783
     840
     797
     753
     778
     776
     833
     752
     740
     741
     782
     761
     720
     751
     762
     765
     760
     795
     800
     746
     784
     749
     716
     789
     752
     674
     728
     736
     793
     760
     711
     736
     756
     715
     709
     715
     750
     733
     701
     769
     717
     671
     715
     704
     749
     737
     749
     715
     725
     687
     772
     687
     702
     683
     693
     662
     698
     688
     714
     655
     704
     691
     672
     726
     715
     663
     698
     683
     689
     707
     687
     663
     658
     680
     727
     675
     613
     630
     712
     652
     604
     644
     643
     704
     658
     664
     614
     619
     593
     619
     600
     612
     658
     636
     591
     628
     634
     609
     654
     592
     614
     583
     639
     603
     568
     585
     597
     593
     605
     627
     569
     574
     564
     585
     563
     559
     586
     636
     571
     585
     543
     549
     550
     571
     571
     556
     537
     577
     565
     553
     578
     513
     508
     528
     544
     531
     528
     534
     519
     492
     492
     546
     545
     526
     513
     519
     518
     532
     513
     510
     515
     485
     514
     466
     508
     521
     500
     457
     506
     456
     482
     488
     518
     472
     498
     473
     489
     445
     458
     512
     470
     494
     478
     448
     475
     501
     425
     470
     425
     486
     447
     430
     432
     454
     435
     428
     467
     460
     423
     481
     457
     447
     434
     427
     443
     433
     427
     412
     468
     371
     432
     398
     447
     397
     378
     390
     404
     405
     406
     418
     439
     418
     389
     418
     417
     386
     384
     427
     371
     397
     420
     400
     402
     369
     391
     378
     376
     368
     366
     413
     363
     365
     369
     350
     342
     342
     349
     364
     333
     382
     392
     403
     392
     359
     323
     343
     352
     367
     334
     335
     341
     335
     379
     378
     360
     326
     345
     328
     370
     349
     352
     350
     332
     365
     306
     369
     321
     332
     369
     328
     329
     351
     365
     320
     363
     317
     322
     331
     323
     329
     336
     288
     299
     304
     316
     337
     299
     284
     351
     322
     300
     309
     342
     327
     301
     305
     305
     310
     315
     322
     358
     307
     318
     323
     348
     292
     332
     321
     349
     321
     325
     319
     302
     318
     269
     309
     314
     309
     305
     300
     306
     330
     290
     296
     298
     311
     317
     295
     302
     286
     301
     294
     279
     280
     304
     292
     303
     273
     317
     274
     307
     265
     293
     287
     317
     259
     283
     292
     317
     316
     255
     294
     293
     293
     308
     289
     297
     277
     315
     259
     276
     299
     312
     272
     256
     282
     300
     285
     278
     282
     299
     304
     292
     275
     245
     310
     277
     305
     277
     292
     292
     316
     290
     255
     290
     284
     298
     281
     309
     265
     276
     280
     290
     306
     268
     301
     263
     295
     274
     251
     271
     273
     262
     278
     284
     267
     296
     274
     254
     287
     282
     283
     280
     289
     243
     274
     263
     262
     278
     281
     282
     261
     281
     248
     245
     247
     246
     265
     297
     265
     281
     268
     298
     269
     272
     284
     302
     254
     252
     275
     256
     299
     287
     283
     251
     255
     261
     280
     296
     268
     250
     283
     282
     250
     258
     246
     262
     287
     271
     297
     258
     280
     301
     302
     257
     290
     282
     287
     274
     287
     282
     270
     297
     266
     251
     260
     252
     292
     300
     266
     291
     312
     293
     291
     285
     295
     308
     257
     258
     250
     300
     303
     281
     302
     295
     285
     320
     298
     301
     311
     302
     257
     339
     292
     290
     328
     312
     313
     299
     289
     269
     284
     274
     300
     331
     282
     306
     318
     309
     322
     322
     340
     350
     335
     312
     288
     314
     300
     284
     342
     313
     343
     318
     336
     322
     341
     360
     330
     329
     339
     340
     314
     327
     337
     359
     335
     341
     376
     376
     364
     356
     369
     362
     358
     351
     346
     355
     338
     344
     394
     363
     357
     376
     404
     371
     373
     361
     365
     381
     408
     379
     367
     410
     375
     384
     393
     373
     427
     404
     390
     427
     411
     433
     435
     422
     421
     429
     441
     414
     442
     482
     470
     422
     431
     472
     427
     447
     456
     465
     478
     474
     448
     482
     481
     528
     491
     499
     526
     508
     497
     509
     540
     524
     537
     531
     542
     561
     558
     518
     575
     545
     557
     539
     510
     572
     617
     595
     601
     604
     636
     608
     637
     564
     634
     602
     665
     639
     628
     651
     618
     635
     661
     721
     651
     704
     662
     709
     712
     691
     711
     735
     761
     727
     764
     786
     712
     775
     803
     787
     844
     738
     792
     798
     818
     825
     816
     864
     814
     860
     906
     862
     908
     905
     898
     883
     920
    1007
     933
     918
     980
     924
    1015
     999
    1026
    1043
    1037
     999
    1054
    1061
    1067
    1147
    1063
    1089
    1085
    1126
    1120
    1081
    1121
    1151
    1173
    1127
    1264
    1169
    1259
    1193
    1184
    1217
    1208
    1250
    1306
    1257
    1280
    1303
    1284
    1344
    1333
    1357
    1309
    1435
    1367
    1418
    1441
    1489
    1430
    1477
    1479
    1470
    1499
    1591
    1484
    1563
    1643
    1639
    1615
    1656
    1587
    1646
    1679
    1707
    1682
    1724
    1768
    1706
    1717
    1724
    1759
    1732
    1770
    1814
    1804
    1819
    1871
    1895
    1863
    1936
    2001
    1960
    1910
    1994
    1969
    2034
    2024
    2059
    2098
    2038
    2127
    2138
    2180
    2144
    2101
    2092
    2165
    2156
    2198
    2221
    2196
    2270
    2173
    2259
    2419
    2246
    2297
    2300
    2353
    2420
    2433
    2374
    2407
    2480
    2432
    2507
    2479
    2448
    2480
    2453
    2519
    2611
    2577
    2618
    2519
    2536
    2619
    2659
    2632
    2687
    2722
    2721
    2667
    2734
    2767
    2810
    2847
    2780
    2924
    2765
    2808
    2886
    2814
    2904
    2848
    2846
    2928
    2929
    2888
    2995
    2934
    3006
    2991
    2931
    3051
    3084
    3033
    3048
    3036
    3069
    3165
    3196
    3085
    3068
    3144
    3180
    3155
    3111
    3234
    3148
    3175
    3165
    3112
    3139
    3095
    3208
    3254
    3245
    3237
    3182
    3269
    3153
    3338
    3242
    3316
    3239
    3282
    3317
    3312
    3357
    3344
    3249
    3216
    3364
    3294
    3332
    3275
    3255
    3354
    3236
    3422
    3457
    3306
    3369
    3244
    3344
    3508
    3302
    3249
    3365
    3309
    3388
    3332
    3418
    3332
    3380
    3287
    3266
    3320
    3353
    3170
    3219
    3239
    3390
    3302
    3354
    3200
    3337
    3303
    3226
    3265
    3266
    3180
    3255
    3336
    3218
    3146
    3218
    3191
    3145
    3187
    3181
    3120
    3228
    3133
    3118
    3144
    3201
    3157
    3147
    3135
    3108
    3148
    3156
    3071
    3070
    3034
    2983
    3081
    2950
    3048
    2903
    2899
    2961
    2954
    2951
    3012
    2956
    2842
    2732
    2865
    2946
    2820
    2850
    2639
    2794
    2813
    2845
    2799
    2851
    2780
    2723
    2777
    2764
    2688
    2677
    2689
    2679
    2618
    2616
    2625
    2551
    2585
    2444
    2534
    2528
    2515
    2486
    2480
    2499
    2425
    2438
    2430
    2325
    2281
    2342
    2298
    2289
    2326
    2318
    2207
    2196
    2186
    2214
    2220
    2204
    2161
    2158
    2189
    2082
    2021
    2059
    2113
    2039
    2020
    2094
    2001
    1991
    1960
    1937
    1912
    1893
    1910
    1832
    1823
    1793
    1842
    1833
    1806
    1757
    1745
    1625
    1715
    1719
    1705
    1650
    1586
    1534
    1587
    1600
    1580
    1613
    1526
    1548
    1525
    1507
    1486
    1449
    1425
    1490
    1402
    1348
    1292
    1427
    1393
    1324
    1296
    1389
    1320
    1247
    1268
    1251
    1248
    1191
    1197
    1206
    1199
    1218
    1175
    1159
    1142
    1095
    1089
    1105
    1103
    1047
    1059
    1062
    1043
    1007
    1007
    1030
     933
     960
    1012
     929
     953
     941
     916
     932
     872
     908
     843
     908
     903
     879
     833
     826
     817
     831
     824
     759
     754
     786
     749
     707
     749
     752
     734
     714
     710
     705
     659
     701
     653
     639
     662
     623
     603
     605
     627
     623
     640
     611
     611
     548
     586
     539
     535
     591
     526
     486
     501
     544
     492
     514
     536
     485
     484
     471
     457
     507
     459
     467
     437
     448
     455
     449
     457
     431
     449
     456
     380
     451
     421
     386
     423
     380
     375
     384
     376
     397
     368
     380
     380
     351
     356
     373
     353
     329
     334
     336
     344
     341
     325
     356
     350
     335
     327
     327
     311
     359
     322
     330
     304
     313
     339
     305
     303
     308
     265
     285
     294
     263
     312
     285
     269
     294
     284
     274
     291
     311
     276
     292
     277
     237
     250
     282
     254
     301
     262
     285
     268
     247
     272
     237
     259
     249
     288
     232
     255
     236
     249
     237
     247
     248
     261
     250
     264
     227
     228
     239
     226
     258
     237
     217
     234
     196
     233
     238
     221
     213
     236
     221
     229
     215
     219
     221
     208
     222
     228
     214
     218
     225
     222
     212
     208
     211
     204
     210
     206
     200
     204
     203
     207
     197
     193
     227
     211
     223
     221
     180
     239
     215
     216
     219
     189
     193
     218
     206
     222
     225
     207
     207
     196
     188
     204
     182
     227
     200
     214
     196
     201
     237
     195
     214
     209
     211
     217
     187
     190
     211
     219
     236
     183
     215
     204
     198
     169
     193
     182
     177
     213
     180
     204
     193
     197
     204
     203
     229
     232
     188
     199
     211
     203
     215
     181
     201
     221
     206
     189
     209
     184
     214
     211
     209
     189
     193
     171
     195
     177
     182
     177
     222
     208
     170
     221
     208
     190
     208
     203
     193
     203
     178
     207
     215
     179
     197
     192
     201
     224
     185
     189
     200
     196
     188
     195
     190
     205
     193
     224
     217
     208
     179
     197
     202
     175
     193
     172
     174
     211
     185
     193
     191
     188
     176
     162
     206
     204
     215
     182
     198
     181
     191
     183
     166
     181
     170
     158
     199
     192
     188
     196
     196
     235
     186
     193
     181
     159
     185
     221
     204
     186
     192
     199
     210
     186
     183
     178
     209
     176
     161
     198
     190
     165
     183
     183
     196
     176
     193
     181
     186
     177
     198
     211
     214
     178
     164
     189
     191
     180
     187
     204
     180
     163
     196
     218
     207
     200
     191
     197
     166
     178
     179
     181
     169
     181
     195
     184
     177
     172
     217
     216
     188
     173
     207
     186
     196
     164
     189
     184
     187
     191
     178
     206
     176
     189
     191
     185
     189
     197
     184
     184
     190
     177
     207
     192
     186
     192
     202
     183
     199
     181
     169
     180
     167
     178
     206
     179
     181
     183
     187
     167
     175
     202
     171
     185
     200
     198
     151
     203
     158
     176
     161
     181
     176
     196
     180
     159
     184
     210
     197
     197
     196
     197
     185
     176
     185
     202
     178
     184
     174
     223
     170
     167
     175
     170
     197
     177
     199
     170
     198
     188
     177
     178
     177
     213
     181
     173
     186
     174
     205
     188
     200
     193
     173
     190
     197
     197
     188
     190
     163
     216
     186
     188
     205
     197
     191
     162
     186
     185
     179
     197
     181
     181
     212
     208
     181
     179
     170
     161
     182
     207
     172
     192
     184
     178
     181
     174
     183
     189
     195
     180
     186
     181
     180
     178
     186
     209
     186
     168
     182
     197
     184
     198
     197
     171
     170
     200
     213
     195
     183
     174
     183
     177
     199
     194
     182
     201
     177
     187
     180
     178
     200
     171
     187
     169
     175
     203
     179
     204
     196
     188
     198
     166
     179
     193
     183
     198
     184
     167
     155
     187
     207
     187
     209
     194
     204
     185
     194
     192
     195
     176
     171
     186
     150
     178
     213
     169
     184
     189
     178
     181
     171
     190
     173
     195
     175
     186
     175
     169
     198
     213
     194
     169
     174
     191
     189
     211
     171
     204
     169
     178
     195
     185
     195
     191
     170
     169
     192
     182
     178
     160
     172
     186
     169
     184
     176
     184
     178
     181
     182
     176
     162
     191
     194
     184
     190
     195
     184
     192
     165
     191
     190
     177
     161
     204
     171
     180
     189
     203
     184
     191
     184
     172
     182
     178
     192
     187
     162
     192
     176
     169
     180
     186
     199
     174
     181
     185
     174
     185
     166
     197
     176
     172
     201
     194
     188
     161
     180
     163
     175
     189
     184
     178
     190
     188
     170
     185
     163
     172
     175
     185
     166
     142
     182
     194
     160
     167
     170
     198
     182
     191
     202
     167
     189
     177
     197
     171
     190
     182
     180
     179
     182
     192
     162
     169
     162
     164
     181
     197
     179
     163
     175
     161
     181
     193
     179
     170
     197
     182
     176
     165
     167
     174
     174
     160
     180
     163
     192
     175
     170
     170
     183
     175
     177
     174
     167
     176
     166
     173
     172
     164
     174
     168
     162
     185
     165
     137
     158
     161
     160
     181
     182
     169
     176
     181
     176
     177
     166
     187
     188
     175
     172
     168
     175
     175
     185
     180
     170
     156
     147
     157
     169
     180
     161
     175
     158
     187
     169
     165
     150
     176
     154
     183
     174
     178
     162
     166
     165
     170
     152
     144
     172
     162
     161
     141
     140
     163
     165
     150
     168
     166
     163
     159
     157
     147
     168
     163
     171
     175
     167
     147
     160
     150
     156
     171
     167
     155
     163
     189
     177
     164
     152
     166
     173
     167
     139
     143
     160
     137
     166
     144
     171
     175
     163
     156
     160
     135
     170
     149
     148
     163
     155
     139
     152
     147
     139
     184
     141
     177
     177
     141
     155
     137
     146
     169
     160
     167
     170
     153
     148
     132
     169
     163
     172
     161
     154
     137
     144
     163
     120
     135
     140
     147
     167
     128
     138
     132
     141
     147
     144
     150
     134
     162
     143
     143
     147
     167
     156
     149
     139
     157
     158
     154
     143
     156
     163
     154
     129
     135
     158
     114
     151
     155
     130
     140
     139
     149
     146
     130
     143
     130
     121
     158
     155
     161
     137
     133
     131
     133
     127
     150
     138
     141
     144
     129
     133
     138
     128
     125
     139
     142
     151
     174
     153
     136
     135
     124
     137
     130
     120
     133
     121
     129
     128
     157
     136
     126
     140
     140
     124
     127
     151
     135
     129
     136
     130
     138
     121
     126
     134
     129
     138
     134
     127
     140
     120
     133
     127
     143
     136
     125
     118
     122
     135
     121
     123
     111
     128
     141
     124
     131
     120
     126
      99
     129
     148
     133
     124
     117
     120
     122
     147
     139
     116
     118
     118
     119
     126
     139
     130
     128
     127
     130
     113
     120
     133
     135
     122
     116
     118
     123
     111
     118
     111
     123
     102
     120
     112
     127
     102
     114
     118
     113
     110
     121
     120
      95
     112
     125
      96
     115
     113
     106
     103
     104
     129
     144
     133
     117
     113
      95
     118
     114
     112
     110
     105
     107
     106
     109
     106
     115
     107
     129
      98
     110
     103
     124
     116
     119
     115
     107
     116
     109
     111
     121
     115
     119
     111
      99
     130
     112
     104
     111
     109
     112
     107
      86
     124
     108
     104
      93
     108
     111
     126
      92
      90
     107
     119
      87
      88
      89
      90
     112
      80
      96
     107
      95
      88
      97
     105
      97
     111
      97
      94
     103
      98
      96
     103
      88
      86
      82
     106
     105
      93
      91
      86
     101
     100
      89
      95
      87
      85
     100
      77
     106
      91
      86
      89
      87
     101
      92
     104
      77
     103
      83
      93
      78
      92
      94
     109
     100
      86
      90
      89
      74
      74
      93
      79
      84
      90
      88
     101
     102
      85
      85
      86
      97
     115
      86
      85
     103
     101
      91
      96
      90
      98
      99
      93
      90
      81
      78
      90
      77
      70
      94
      92
      78
      93
      83
      98
      98
      90
      80
      78
      77
      99
      88
      69
      70
      84
      76
      72
      83
      79
      85
      81
      77
      83
      95
      90
      90
      87
      87
      83
      72
      93
      86
      70
      71
      69
      92
      90
      72
      96
      81
      81
      85
      99
      77
      81
      91
      79
      72
      82
      79
      97
      90
      87
      66
      67
      74
      80
      74
      73
      65
      82
      82
      77
      68
      86
      72
      73
      90
      78
      79
      83
      87
      83
      80
      61
      83
      84
      70
      91
      83
      71
      63
      68
      69
      75
      80
      68
      87
      63
      68
      71
      76
      74
      75
      80
      74
      62
      88
      66
      76
      80
      86
      69
      72
      76
      76
      86
      68
      95
      76
      69
      64
      74
      80
      82
      78
      54
      85
      89
      62
      79
      84
      71
      73
      79
      56
      83
      78
      88
      79
      84
      80
      74
      66
      75
      71
      67
      80
      70
      80
      70
      82
      59
      85
      61
      52
      69
      82
      76
      71
      94
      81
      73
      83
      77
      64
      67
      69
      70
      80
      72
      66
      76
      67
      70
      72
      74
      79
      65
      70
      74
      71
      83
      73
      52
      75
      77
      76
      72
      85
      68
      76
      79
      83
      78
      96
      68
      90
      78
      65
      73
      94
      72
      59
      59
      81
      65
      78
      65
      73
      74
      65
      77
      93
      76
      91
      91
      73
      60
      71
      93
      59
      89
      87
      78
      65
      76
      70
      70
      72
      93
      81
      92
      91
      71
      63
      77
      64
      88
      89
      85
      65
      86
      79
      79
      73
      79
      75
      74
      83
      80
      80
      76
      79
      75
      83
      76
      79
      76
      63
      75
      79
      75
      74
      76
      88
      75
      83
      93
      91
      87
      82
      81
      66
      88
      85
      71
      93
      92
      78
      80
      86
      94
      68
      89
      86
      75
      86
      79
      83
      83
      90
      80
      94
      79
      95
     102
      97
      79
      82
      73
      92
     108
      84
      88
     109
      84
     115
      95
     101
      84
      85
      88
      86
      84
      90
      92
      93
     108
      82
     106
      91
      95
     102
     101
     114
      80
      95
      84
      94
     116
     111
     111
      98
      96
     106
      91
      99
      89
     115
     113
      98
      98
      94
     125
     104
     119
     108
      96
      99
     120
     118
     111
     113
     101
     113
     118
     122
     103
     120
     111
     102
     128
     129
     141
     127
     122
     109
     129
     127
     121
     131
     135
     135
     128
     123
     127
     132
     150
     125
     126
     140
     124
     127
     122
     128
     133
     118
     131
     132
     163
     135
     131
     142
     141
     137
     127
     132
     124
     133
     143
     133
     123
     159
     125
     139
     134
     157
     148
     142
     124
     125
     138
     167
     177
     157
     151
     154
     140
     159
     144
     181
     172
     145
     155
     175
     150
     159
     153
     162
     164
     171
     183
     161
     142
     143
     168
     162
     179
     169
     169
     170
     155
     186
     177
     190
     161
     168
     149
     167
     163
     181
     172
     180
     191
     189
     185
     179
     179
     181
     161
     173
     196
     183
     180
     173
     193
     217
     174
     169
     174
     188
     200
     200
     175
     201
     190
     181
     170
     186
     221
     184
     203
     186
     201
     187
     201
     194
     192
     199
     225
     233
     192
     209
     215
     216
     220
     218
     213
     242
     200
     198
     202
     220
     204
     196
     221
     221
     205
     228
     249
     222
     237
     232
     227
     213
     232
     212
     214
     230
     196
     202
     201
     195
     233
     219
     209
     215
     238
     226
     213
     208
     231
     229
     215
     227
     207
     229
     205
     259
     233
     213
     244
     212
     246
     244
     230
     196
     226
     235
     209
     235
     199
     192
     223
     191
     225
     233
     271
     212
     224
     221
     230
     251
     230
     213
     258
     236
     251
     227
     235
     230
     236
     223
     233
     205
     245
     219
     231
     195
     223
     212
     240
     220
     213
     225
     213
     233
     217
     228
     208
     229
     215
     218
     202
     249
     204
     216
     213
     224
     234
     229
     199
     227
     212
     236
     210
     233
     230
     215
     218
     223
     223
     194
     205
     201
     246
     247
     221
     211
     213
     218
     215
     200
     222
     202
     203
     214
     205
     220
     194
     213
     211
     219
     199
     221
     209
     202
     200
     190
     174
     204
     200
     193
     180
     193
     199
     205
     195
     204
     209
     186
     186
     162
     204
     185
     197
     197
     195
     163
     217
     186
     186
     212
     208
     191
     206
     178
     184
     181
     168
     174
     176
     169
     183
     186
     183
     180
     172
     186
     165
     152
     187
     163
     188
     153
     139
     155
     177
     161
     147
     164
     149
     150
     141
     137
     162
     166
     150
     159
     129
     150
     151
     147
     133
     155
     145
     133
     153
     135
     136
     133
     140
     141
     122
     125
     135
     124
     123
     126
     134
     128
     121
     137
     132
     137
     122
     126
     127
     124
     123
     118
      98
      98
     122
     118
     116
     137
     108
     109
     103
     105
     121
      87
     100
     128
     103
     102
     102
      96
     111
      94
     105
     108
     108
      83
      89
      92
      92
      96
      91
      96
      90
      90
     103
      84
      93
      79
      82
      86
      87
      83
      91
     100
      90
      71
      68
      91
      82
      90
      78
      83
      81
      77
      70
      72
      65
      80
      64
      77
      74
      69
      76
      59
      77
      68
      57
      53
      68
      79
      67
      74
      69
      52
      69
      58
      69
      55
      47
      57
      54
      49
      55
      54
      59
      76
      47
      45
      53
      58
      64
      58
      65
      54
      51
      61
      49
      53
      42
      49
      67
      55
      47
      45
      56
      45
      50
      48
      38
      48
      44
      39
      51
      40
      41
      44
      61
      38
      37
      37
      29
      33
      30
      48
      36
      40
      40
      42
      38
      40
      45
      30
      43
      37
      30
      37
      43
      27
      29
      34
      31
      31
      27
      34
      33
      27
      38
      25
      33
      39
      39
      30
      37
      22
      32
      24
      31
      29
      33
      31
      31
      33
      25
      29
      31
      25
      30
      22
      30
      28
      31
      22
      27
      36
      21
      29
      28
      25
      30
      23
      26
      23
      34
      21
      21
      27
      24
      24
      23
      27
      24
      27
      25
      29
      23
      29
      29
      30
      22
      24
      20
      20
      22
      32
      28
      20
      23
      21
      18
      21
      17
      19
      16
      25
      25
      21
      23
      32
      19
      23
      19
      19
      27
      17
      23
      25
      22
      20
      23
      25
      23
      16
      25
      24
      31
      28
      21
      22
      18
      18
      19
      16
      26
      14
      22
      17
      24
      20
      20
      28
      21
      17
      13
      25
      19
      28
      20
      29
      16
      16
      19
      28
      17
      14
      24
      17
      26
      20
      10
      14
      26
      16
      20
      16
      21
      19
      18
      16
      21
      11
      19
      14
      21
      16
      20
      21
      15
      22
      19
      19
      17
      25
      19
      26
      18
      24
      22
      27
      15
      14
      13
      11
      15
      16
      18
      19
      11
      25
      21
      24
      18
      15
      21
      16
      10
      17
      29
      33
      19
      18
      19
      14
      15
      11
      20
      20
      15
      17
      10
      12
      15
      18
      22
      15
      21
      17
      15
      14
      14
      19
       9
      17
      16
      14
      22
      19
      16
      12
      15
      17
      19
      13
      16
      23
      25
      13
      10
      21
      11
      15
      14
      16
      17
      21
      15
      25
      18
      21
      19
      19
      15
      13
       8
      19
      16
      14
      19
      22
      22
      14
      14
      17
      10
      16
      20
      17
      16
      27
      21
      18
      13
      15
       9
      24
       8
       8
      12
      14
      18
      12
      19
      17
      21
      16
      13
      21
      13
      17
      22
      19
      19
      23
      18
      17
      13
      11
      16
      17
      20
      28
      22
      11
      24
      12
       7
      17
      25
      18
       8
      14
      13
      13
      26
      16
      21
      13
      14
      19
      10
      21
      15
      19
      13
      12
      12
      11
      16
      15
      14
       8
      14
      18
      16
      14
      13
      14
      20
      16
      24
      16
      12
      12
      16
      13
      14
      15
      16
      12
      11
      14
      24
      17
      18
      10
      19
      10
      15
      13
      12
      21
      19
      16
      10
      25
      13
      23
      19
      16
      10
      10
      15
      14
      16
      18
      15
      19
      15
      16
      12
       8
      14
      17
      20
      10
      18
       8
      16
      14
      18
      18
      14
      15
      10
      20
      12
      24
      12
      18
      13
      20
      15
      11
       9
      16
      12
      19
      15
      15
      15
      14
      17
      21
      21
      19
      17
      14
      12
      11
      20
      13
      18
      17
      16
      14
      12
      14
      17
      15
      10
      15
      20
      13
      14
      13
      19
      15
      11
      22
      17
      17
       9
      16
       4
      11
      17
      14
      21
      15
      13
      19
      13
      14
      16
       7
      19
      17
      11
      14
      16
      13
       8
      16
      17
      23
       9
      14
      12
      15
      18
      14
      22
      17
      11
      17
      15
      10
       9
       9
      12
      15
      17
      12
      17
      15
      11
      19
      13
      17
      17
      14
      14
      13
      16
      10
       9
      11
      14
      24
      16
      15
      18
      10
      15
      16
      13
      14
      17
      17
      19
      14
      20
      21
       9
      11
      17
      11
      12
      11
      19
       6
      16
      17
      14
      10
      13
      21
      19
      12
      17
      16
      16
      12
       8
      17
      15
      13
      18
      13
      16
      15
      11
      10
      12
      11
      15
      11
      13
      16
      13
      11
      14
      22
      15
      11
      12
      12
      14
       7
      16
      15
      14
      10
      14
      19
      13
      11
      16
      12
      11
       7
      12
      22
      10
      10
      19
      14
      16
      11
      15
      11
      11
      17
      15
       8
      11
      11
       6
       9
       6
      14
      20
       8
      12
      15
       8
      11
      15
      19
      17
      11
      21
      14
      12
      17
       7
      16
      10
       9
      19
       9
      13
       9
      13
       9
       9
       9
      14
       3
      11
      16
      15
      17
      11
      16
      15
      10
      22
      12
       9
      17
      14
      15
      13
      18
       5
      11
       5
      19
       7
       9
      12
      16
      13
      14
      12
       7
      13
      11
      22
      10
      16
      13
      13
      14
      13
      11
       9
      15
      16
       8
      11
      14
      10
       8
       6
      15
      15
      12
      18
      15
      17
      20
      10
      17
      14
      13
      10
       7
      22
       8
      12
       7
      11
       8
      11
      13
       3
       9
      13
       8
      13
      11
       8
      10
      14
      16
       6
      11
       7
      11
      11
       7
       8
      13
      10
       5
       9
      10
      13
      12
      18
       9
      13
      14
      14
      14
      13
       9
      11
      13
       8
      15
      16
      18
       9
      14
       9
      17
      11
      10
      17
      15
       5
      20
      10
       6
      11
       9
      14
      10
      12
      10
      15
       6
      14
      13
       7
      13
       9
      18
       5
      10
      11
       8
      19
       7
      23
      15
       8
      12
      15
       5
      12
      16
       7
       8
      15
      15
      11
       7
      14
       9
      13
      14
      11
       8
       4
      12
      10
      11
      12
       7
      12
      13
      17
       8
      12
      19
       9
       9
       7
       8
      15
      16
      12
      15
      16
      13
      11
       7
      13
      13
      15
      14
      10
      15
       9
      10
      10
      10
      12
       8
       6
       9
      11
       7
       7
      18
      10
      10
      11
       1
       7
       8
      11
       7
       6
      11
      16
       9
      15
      12
       6
      13
       9
      11
      10
      13
       6
      13
       8
       9
      10
       7
       8
       7
       7
      14
       7
      14
       8
       7
      14
       9
      13
      11
       7
       8
      13
      13
      12
       6
      14
       9
      10
       7
       6
      10
       9
      13
      11
       8
       8
      10
      11
      10
       8
       5
       7
      11
      11
       9
      10
      13
       9
       6
       9
       9
       7
       4
      12
      12
      10
       7
      11
      12
      10
      16
      10
       4
      19
       8
      11
      15
      10
      12
       8
       9
      10
      11
       6
      11
      11
       3
      14
      14
      13
       9
      11
       9
       8
      11
       8
      10
       8
       8
      11
       8
       3
      14
      10
       9
      13
      10
       7
       3
       4
      12
      10
       7
      10
      11
      14
       6
       9
       3
      13
      11
      11
       8
       6
       2
      13
       9
       8
      12
       9
       9
       4
       9
      15
       7
       7
      10
      12
       9
      12
      14
       7
       6
      18
       7
       5
      11
       5
       9
      11
       9
      12
      12
      11
       6
       6
      13
       9
      14
       8
      10
      12
       5
      11
       6
      11
      14
       7
      11
      11
       7
      10
       7
       8
      12
       8
      12
       6
       5
       6
       7
       9
       8
      16
       5
      10
       9
       6
      13
       7
      10
      10
      11
       6
       9
       7
       5
      12
       7
       6
       9
       5
      10
       4
       7
       8
       8
      11
       9
       6
      10
       3
       9
      11
      10
       7
      11
      13
      10
       7
       4
       7
       8
      15
      12
      10
       6
       9
       5
       6
      13
       8
       7
       5
      11
      11
       8
      10
      12
       7
      12
      10
      13
       7
       9
       7
      10
      13
       9
       9
       8
       5
       9
       8
      10
       9
       4
      10
       8
       5
       3
       8
       9
       8
       8
       2
       9
       8
      10
      19
      11
       7
      12
      12
       9
       8
      12
      11
      10
      13
       9
       6
       6
      13
       8
      11
       6
       6
      14
      12
       9
       9
       8
      10
       5
       5
       4
      13
      14
       9
       8
       9
       8
      11
      13
       9
       6
       3
       3
       4
       4
      11
       6
       3
       7
       8
       5
       9
       6
       3
       7
       5
       8
      13
      10
      15
       5
       9
       7
       7
       9
       2
       4
       3
       6
       0
       0
       0
       0
       0
       0
       0
       0
       0
       0
       0
       0
       0
       0
       0
       0
       0
       0
       0
       0
       0
       0
       0
       0
       0
       0
       0
       0
       0
       0
       0
       0
       0
       0
       0
       0
       0
       0
       0
       0
       0
       0
       0
       0
       0
       0
       0
       0
       0
       0
       0
       0
       0
       0
       0
       0
       0
       0
       0
       0
       0
       0
       0
       0
       0
       0
       0
       0
       0
       0
       0
       0
       0
       0
       0
       0
       0
       0
       0
       0
       0
       0
       0
       0
       0
       0
       0
       0
       0
       0
       0
       0
       0
       0
       0
       0
       0
       0
       0
       0
       0
       0
       0
       0
       0
       0
       0
       0
       0
       0
       0
       0
       0
       0
       0
       0
       0
       0
       0
       0
       0
       0
       0
       0
       0
       0
       0
       0
$ROI:
2
1745 2113
4357 4993
$PRESETS:
None
0
0
$ENER_FIT:
-0.042401 0.000288
$MCA_CAL:
3
-4.240080E-002 2.876029E-004 0.000000E+000 MeV
$SHAPE_CAL:
3
8.487273E+001 3.401565E-002 0.000000E+000
