$SPEC_ID:
No sample description was entered.
$SPEC_REM:
DET# 1
DETDESC# KFLABB4 Easy-MCA-8k SN 09022236
AP# Maestro Version 6.08
$DATE_MEA:
05/07/2024 14:26:09
$MEAS_TIM:
1616 1617
$DATA:
0 8191
       0
       0
       0
       0
       0
       0
       0
       0
       0
       0
       0
       0
       0
       0
       0
       0
       0
       0
       0
       0
       0
       0
       0
       0
       0
       0
       0
       0
       0
       0
       0
       0
       0
       0
       0
       0
       0
       0
       0
       0
       0
       0
       0
       0
       0
       0
       0
       0
       0
       0
       0
       0
       0
       0
       0
       0
       0
       0
       0
       0
       0
       0
       0
       0
       0
       0
       0
       0
       0
       0
       0
       0
       0
       0
       0
       0
       0
       5
      20
      67
     154
     138
     124
     151
     142
     138
     167
     140
     148
     171
     161
     162
     166
     145
     141
     161
     157
     170
     152
     155
     159
     116
     136
     158
     126
     138
     132
     128
     151
     142
     150
     156
     143
     136
     162
     148
     137
     172
     159
     149
     150
     177
     152
     122
     142
     154
     150
     159
     161
     143
     147
     143
     145
     155
     148
     176
     151
     145
     131
     145
     128
     134
     146
     145
     153
     158
     160
     178
     148
     152
     167
     174
     158
     163
     177
     186
     161
     147
     142
     162
     156
     156
     150
     178
     164
     157
     143
     151
     153
     180
     172
     161
     145
     154
     167
     157
     157
     175
     197
     167
     165
     166
     158
     176
     183
     157
     185
     169
     182
     184
     190
     200
     172
     222
     217
     223
     236
     237
     206
     220
     189
     182
     190
     173
     207
     225
     246
     196
     210
     190
     210
     215
     209
     219
     206
     222
     265
     291
     344
     393
     426
     499
     548
     583
     638
     703
     715
     696
     773
     699
     632
     496
     474
     430
     350
     318
     323
     288
     229
     229
     200
     219
     221
     211
     206
     229
     204
     235
     241
     284
     278
     346
     384
     375
     359
     389
     385
     368
     324
     332
     299
     281
     269
     250
     250
     227
     213
     215
     211
     181
     217
     219
     217
     267
     271
     282
     264
     256
     244
     242
     229
     206
     202
     211
     182
     212
     205
     188
     180
     221
     263
     205
     241
     239
     212
     201
     182
     165
     167
     160
     167
     155
     162
     169
     193
     167
     142
     153
     133
     159
     153
     157
     182
     177
     167
     187
     188
     175
     191
     164
     196
     174
     184
     181
     207
     171
     214
     163
     191
     209
     196
     168
     179
     180
     170
     170
     179
     169
     180
     166
     166
     165
     152
     158
     170
     160
     166
     179
     158
     160
     146
     158
     191
     161
     150
     171
     157
     154
     174
     165
     161
     172
     185
     165
     191
     190
     181
     163
     176
     174
     165
     167
     203
     180
     172
     182
     176
     154
     185
     182
     147
     179
     180
     203
     169
     161
     181
     191
     186
     149
     171
     169
     179
     193
     167
     145
     192
     196
     176
     170
     189
     179
     150
     167
     171
     180
     155
     172
     183
     178
     190
     183
     157
     178
     166
     183
     197
     161
     178
     159
     168
     174
     175
     182
     158
     165
     182
     173
     183
     159
     190
     176
     173
     181
     170
     184
     151
     161
     183
     195
     191
     189
     149
     178
     175
     201
     193
     210
     159
     170
     176
     192
     185
     179
     173
     155
     171
     167
     159
     169
     170
     174
     172
     186
     179
     167
     165
     165
     160
     178
     178
     164
     164
     162
     149
     184
     175
     177
     181
     160
     149
     155
     168
     182
     147
     181
     171
     159
     164
     161
     164
     167
     145
     167
     163
     178
     180
     162
     173
     160
     191
     138
     179
     183
     179
     171
     184
     158
     144
     172
     163
     147
     172
     168
     162
     169
     171
     189
     179
     192
     187
     191
     199
     228
     236
     260
     252
     220
     251
     247
     220
     207
     196
     183
     174
     159
     187
     179
     181
     153
     166
     180
     164
     147
     163
     149
     178
     195
     198
     167
     173
     184
     153
     157
     171
     170
     177
     185
     159
     164
     154
     167
     174
     161
     156
     178
     158
     152
     150
     175
     167
     141
     143
     184
     188
     174
     145
     177
     165
     167
     171
     160
     171
     158
     141
     162
     151
     158
     162
     159
     174
     136
     177
     157
     156
     152
     162
     158
     162
     150
     167
     156
     141
     155
     155
     148
     164
     146
     140
     149
     149
     158
     167
     146
     137
     154
     159
     155
     131
     136
     175
     181
     151
     148
     137
     125
     143
     137
     151
     158
     154
     144
     150
     142
     151
     139
     138
     155
     156
     132
     142
     142
     149
     123
     143
     154
     157
     149
     153
     126
     172
     137
     144
     161
     164
     161
     136
     161
     166
     175
     136
     166
     122
     141
     156
     138
     153
     154
     166
     183
     152
     174
     162
     167
     173
     182
     183
     176
     220
     190
     202
     158
     165
     150
     152
     143
     122
     138
     145
     130
     107
     116
     136
     127
     134
     135
     119
     120
     138
     142
     127
     124
     143
     139
     121
     146
     130
     144
     146
     128
     127
     147
     122
     128
     127
     134
     121
     144
     130
     134
     102
     122
     125
     135
     165
     132
     146
     147
     121
     125
     113
     122
     118
     134
     118
     127
     129
     119
     138
     121
     125
     122
     118
     141
     121
     117
     137
     123
     131
     120
     125
     139
     149
     139
     122
     153
     135
     119
     135
     118
     138
     112
     130
     117
     114
     111
     107
     103
     125
     108
      96
     107
     119
     105
     117
     121
     100
     123
     104
     113
     101
     131
     101
     128
     118
     114
     101
      92
     117
     117
     126
      97
     127
     117
     115
     115
     116
     120
     111
     104
     116
     112
     124
     114
     127
     114
     103
     123
     122
     123
     112
     129
     130
     147
     148
     141
     176
     183
     171
     221
     195
     203
     203
     246
     216
     168
     168
     159
     146
     147
     123
     112
      90
     101
     109
     111
     107
     103
      94
     105
     118
     109
     104
     121
     102
      97
     101
     101
     105
     104
      90
      98
     111
     126
      98
     115
     114
     100
      99
     107
      95
     103
     105
     106
     107
     116
     109
     105
     110
      89
      94
     110
      89
     112
      91
     104
      92
      86
      90
      88
      98
      95
      90
     107
     112
     114
     104
     109
     120
      95
      94
      98
      89
      99
     123
     118
      91
     109
      96
     116
     120
     105
      93
      96
      82
      91
     101
      93
     110
     118
      89
      95
     109
      91
      90
     100
     100
     101
     104
      95
     100
     112
     104
      94
     113
      98
      93
     104
      87
     102
     109
      89
      95
      94
     108
     107
     108
      98
      95
      90
     104
     116
     108
     100
     109
     116
      97
      80
      99
     116
     111
     111
      90
      79
      99
     100
     114
      88
     121
     113
      95
     123
     127
     124
     156
     139
     176
     150
     148
     241
     238
     250
     260
     219
     287
     233
     269
     237
     241
     218
     179
     161
     125
     127
     122
      97
     107
     110
      86
      99
      98
      93
      93
      72
      88
      96
      78
      92
      79
     113
     106
      96
      86
      87
      81
     104
     105
      83
      93
      72
      94
      85
      74
      81
      99
      80
      86
      86
      97
      93
      77
     101
      88
     103
      89
     102
      87
      97
      96
      84
      85
      89
     102
     105
      76
     113
      94
      71
      85
      93
      83
      88
      78
      84
      99
      88
      77
      89
      87
      95
      94
      80
      90
      84
      75
      86
      77
      92
      79
      73
      90
      74
      73
      94
      93
      82
      95
      97
      71
      94
      94
      97
      99
      92
      86
      84
     101
      95
     104
      80
      91
      92
      85
      65
      93
      64
      79
      81
     107
      85
      86
      89
     101
      75
      85
      91
      83
      94
      92
      88
      99
      75
      96
      97
      87
      68
      71
      80
      92
      98
      71
      83
      91
      86
      95
      96
     100
      99
      94
      84
      99
      88
      82
      83
      76
      71
      74
      84
      82
      89
      86
     110
      96
      93
     101
      84
      87
      97
      81
      94
     104
      88
      93
      90
      97
      89
      81
      73
     103
      97
      96
      87
      99
      87
      76
      97
      84
      88
     103
      88
      89
      74
      84
      85
      81
      85
      87
      75
      74
      98
      84
      75
      84
      84
      87
      90
     100
      76
      99
      78
      95
      90
      83
      88
      93
      96
      79
      93
      84
      83
      79
      80
      85
      88
      78
      84
      84
      84
      72
      74
      93
      89
      99
      67
      83
      86
      82
      88
      72
      93
      86
      70
      75
      70
      72
      88
      80
      80
      87
      74
      88
      85
      80
      63
      80
      75
      88
      81
      67
      82
      65
      82
      76
      81
      76
      79
      92
      75
      61
      85
      85
      97
      71
      65
      91
      83
      86
      81
      75
      78
      80
      74
      85
      66
      73
      78
      93
      75
      76
      71
      70
      71
      84
      70
      71
      66
      78
      80
      68
      67
      76
      66
      82
      77
      63
      83
      67
      82
      86
      74
      84
      75
      79
      62
      82
      68
      63
      76
      77
      69
      73
      81
      83
      75
      77
      63
      74
      81
      70
      72
      79
      78
      66
      77
      76
      60
      73
      84
      75
      79
      74
      78
      71
      75
      63
      77
      83
      56
      68
      70
      79
      67
      60
      75
      86
      66
      65
      62
      66
      70
      60
      71
      84
      81
      73
      58
      85
      73
      78
      67
      61
      73
      86
      71
      55
      76
      82
      73
      90
      69
      68
      67
      67
      66
      79
      77
      80
      88
      57
      62
      61
      68
      80
      75
      72
      75
      59
      68
      76
      78
      59
      72
      83
      71
      76
      72
      78
      86
      76
      63
      63
      81
      69
      65
      80
      72
      70
      75
      93
      89
      92
      97
      98
      93
     102
      92
     100
     106
     112
      92
     144
     120
     110
     130
     114
     112
     132
     102
     121
     104
      98
      99
      69
      77
      80
      83
      65
      70
      74
      70
      74
      81
      51
      74
      55
      62
      70
      66
      57
      78
      76
      54
      83
      65
      55
      68
      66
      60
      77
      69
      66
      67
      54
      61
      64
      72
      74
      53
      60
      65
      69
      74
      66
      72
      72
      64
      79
      69
      66
      72
      62
      52
      75
      65
      59
      61
      73
      63
      69
      50
      63
      57
      65
      66
      84
      65
      73
      72
      60
      72
      67
      61
      63
      63
      64
      67
      63
      74
      57
      65
      67
      65
      67
      56
      67
      80
      77
      71
      65
      60
      62
      69
      79
      57
      56
      40
      75
      68
      55
      69
      66
      69
      58
      72
      57
      70
      74
      61
      75
      56
      77
      71
      68
      56
      69
      57
      67
      54
      66
      64
      70
      64
      86
      60
      63
      63
      71
      60
      70
      63
      49
      58
      61
      53
      57
      62
      58
      70
      75
      73
      72
      63
      51
      69
      40
      50
      62
      73
      78
      74
      74
      60
      81
      83
      78
      56
      75
      73
      60
      58
      58
      69
      56
      69
      57
      73
      57
      49
      69
      75
      57
      60
      65
      66
      85
      57
      55
      69
      61
      50
      76
      64
      61
      70
      64
      58
      66
      51
      71
      60
      69
      65
      88
      70
      66
      60
      66
      59
      59
      62
      54
      54
      68
      58
      67
      66
      69
      58
      54
      57
      55
      64
      67
      60
      65
      64
      60
      65
      58
      65
      60
      79
      65
      55
      62
      81
      74
      71
      66
      64
      79
      72
      66
      79
      84
      88
      95
      87
      91
      79
      93
      99
     109
      98
     104
     115
     117
     142
     147
     139
     167
     164
     185
     194
     204
     209
     211
     191
     203
     204
     213
     201
     179
     167
     144
     147
     121
      85
      86
      90
      64
      56
      48
      68
      48
      56
      43
      64
      51
      63
      62
      64
      59
      55
      71
      62
      59
      58
      63
      43
      54
      74
      56
      56
      52
      53
      62
      59
      54
      48
      63
      46
      63
      63
      63
      59
      70
      52
      53
      63
      61
      51
      52
      55
      56
      58
      55
      45
      62
      58
      62
      59
      57
      56
      69
      62
      56
      44
      68
      60
      54
      64
      52
      53
      63
      50
      47
      49
      52
      47
      52
      41
      48
      50
      61
      61
      63
      51
      51
      53
      66
      48
      72
      75
      61
      45
      63
      52
      59
      44
      74
      62
      49
      61
      55
      51
      57
      50
      52
      53
      46
      55
      59
      59
      48
      61
      55
      51
      67
      50
      54
      49
      67
      51
      57
      57
      56
      54
      45
      58
      57
      61
      50
      65
      77
      58
      71
      69
      70
      69
      73
      75
      69
      80
      75
      70
      62
      70
      77
      62
      52
      62
      60
      69
      62
      64
      44
      50
      68
      63
      66
      56
      53
      60
      49
      47
      65
      57
      36
      67
      44
      40
      51
      56
      51
      71
      68
      58
      39
      54
      52
      48
      53
      58
      48
      73
      47
      58
      56
      55
      52
      62
      47
      55
      50
      67
      58
      42
      58
      53
      44
      52
      60
      45
      57
      52
      51
      44
      62
      53
      54
      51
      53
      49
      50
      68
      58
      63
      49
      46
      53
      58
      57
      55
      62
      63
      51
      65
      61
      46
      56
      49
      60
      61
      62
      53
      64
      61
      59
      63
      57
      74
      63
      52
      55
      57
      57
      53
      59
      49
      61
      53
      57
      63
      55
      53
      59
      56
      47
      42
      69
      58
      56
      44
      52
      60
      50
      57
      55
      52
      52
      58
      60
      47
      57
      59
      48
      62
      46
      48
      55
      59
      51
      62
      65
      51
      39
      58
      53
      58
      38
      64
      57
      68
      65
      62
      45
      54
      59
      50
      57
      62
      71
      50
      58
      60
      56
      55
      46
      45
      43
      57
      34
      40
      51
      63
      50
      55
      53
      49
      50
      57
      56
      51
      56
      58
      38
      69
      48
      47
      62
      61
      69
      61
      50
      48
      47
      61
      45
      53
      51
      43
      44
      42
      42
      58
      65
      52
      67
      64
      60
      52
      49
      53
      43
      61
      46
      52
      55
      38
      56
      52
      49
      45
      65
      46
      60
      48
      64
      56
      44
      54
      62
      42
      52
      55
      62
      58
      48
      52
      57
      33
      45
      53
      56
      54
      47
      60
      55
      58
      50
      39
      59
      61
      66
      76
      50
      57
      45
      37
      61
      62
      63
      63
      54
      56
      51
      61
      55
      70
      46
      57
      50
      73
      66
      64
      60
      66
      65
      73
      66
      87
      85
      65
      92
      78
      73
      70
      68
      72
      79
      70
      73
      76
      73
      47
      46
      59
      39
      44
      64
      45
      44
      47
      37
      64
      43
      37
      45
      57
      51
      54
      62
      49
      58
      51
      56
      52
      46
      55
      53
      54
      45
      45
      47
      56
      47
      62
      57
      37
      44
      57
      41
      59
      44
      52
      55
      45
      45
      64
      66
      64
      52
      50
      40
      49
      45
      49
      48
      40
      48
      42
      47
      53
      42
      46
      42
      44
      53
      50
      48
      53
      46
      50
      42
      50
      49
      58
      49
      49
      49
      49
      41
      47
      53
      50
      52
      40
      62
      58
      53
      38
      47
      35
      61
      47
      53
      61
      51
      45
      52
      47
      47
      41
      57
      55
      48
      49
      39
      47
      43
      50
      46
      43
      26
      51
      49
      44
      54
      53
      38
      55
      42
      49
      56
      52
      51
      48
      39
      52
      51
      43
      53
      66
      47
      47
      50
      51
      51
      43
      49
      49
      47
      53
      48
      49
      50
      46
      34
      44
      50
      37
      47
      47
      52
      52
      39
      45
      46
      41
      50
      65
      46
      49
      52
      46
      48
      56
      51
      49
      51
      44
      45
      53
      60
      41
      51
      45
      50
      52
      53
      43
      51
      45
      55
      42
      47
      47
      53
      55
      64
      68
      43
      47
      49
      61
      42
      54
      54
      54
      48
      60
      50
      38
      44
      48
      53
      45
      43
      33
      52
      42
      49
      43
      53
      46
      49
      41
      48
      41
      47
      52
      45
      60
      42
      59
      36
      51
      49
      49
      46
      38
      31
      54
      44
      42
      55
      43
      65
      43
      50
      39
      57
      47
      53
      45
      37
      55
      44
      44
      50
      42
      57
      54
      45
      49
      52
      41
      47
      35
      45
      41
      63
      49
      56
      40
      61
      49
      61
      36
      49
      43
      48
      59
      35
      46
      27
      42
      55
      49
      40
      54
      47
      44
      43
      43
      53
      45
      40
      41
      44
      35
      56
      55
      61
      59
      52
      51
      47
      55
      56
      55
      47
      53
      51
      50
      54
      42
      48
      39
      53
      59
      44
      40
      52
      43
      53
      52
      58
      45
      59
      51
      51
      43
      55
      51
      43
      60
      44
      48
      44
      58
      50
      30
      38
      48
      56
      50
      59
      53
      64
      31
      48
      49
      56
      51
      40
      41
      50
      57
      41
      48
      35
      51
      48
      61
      38
      52
      50
      48
      50
      45
      29
      53
      55
      44
      43
      55
      45
      36
      51
      52
      46
      39
      43
      48
      41
      34
      47
      46
      41
      47
      65
      45
      34
      41
      44
      44
      47
      57
      47
      43
      45
      35
      51
      52
      44
      52
      39
      40
      40
      52
      43
      45
      49
      45
      32
      33
      41
      41
      43
      44
      38
      47
      39
      45
      49
      50
      42
      43
      48
      45
      52
      43
      45
      39
      52
      50
      50
      41
      51
      54
      41
      51
      54
      58
      56
      57
      44
      52
      58
      64
      46
      53
      60
      54
      60
      51
      40
      45
      47
      56
      47
      61
      55
      37
      39
      51
      44
      34
      36
      44
      41
      36
      39
      49
      44
      45
      47
      30
      31
      45
      51
      49
      29
      47
      58
      44
      30
      46
      42
      38
      33
      39
      30
      39
      37
      33
      33
      49
      46
      34
      36
      50
      34
      29
      48
      39
      40
      45
      37
      44
      50
      51
      47
      26
      37
      53
      31
      31
      55
      42
      44
      43
      38
      41
      43
      35
      37
      33
      44
      44
      45
      37
      38
      33
      41
      38
      55
      47
      37
      38
      39
      45
      43
      30
      40
      46
      39
      48
      53
      42
      43
      40
      38
      33
      40
      38
      49
      47
      40
      28
      37
      42
      38
      39
      36
      36
      44
      41
      48
      26
      30
      28
      42
      40
      34
      40
      46
      46
      31
      43
      35
      42
      50
      45
      28
      39
      38
      39
      39
      29
      33
      38
      34
      38
      27
      37
      44
      32
      30
      42
      36
      33
      29
      26
      27
      43
      27
      40
      29
      48
      36
      45
      38
      40
      34
      44
      41
      45
      38
      32
      43
      46
      39
      38
      37
      48
      31
      38
      37
      44
      52
      35
      52
      43
      42
      38
      35
      36
      44
      41
      45
      37
      40
      38
      34
      30
      41
      45
      40
      33
      35
      36
      42
      40
      36
      41
      36
      38
      35
      33
      41
      42
      48
      29
      41
      24
      43
      33
      37
      32
      26
      32
      44
      37
      36
      37
      38
      33
      32
      31
      38
      42
      34
      26
      33
      44
      28
      29
      31
      40
      30
      37
      30
      37
      25
      39
      37
      37
      40
      38
      28
      29
      26
      43
      37
      46
      34
      32
      26
      40
      39
      50
      32
      31
      41
      37
      29
      33
      48
      31
      38
      40
      29
      43
      35
      39
      27
      31
      32
      44
      23
      33
      32
      34
      37
      36
      40
      38
      28
      35
      33
      31
      30
      32
      42
      35
      37
      44
      44
      43
      27
      29
      37
      32
      36
      38
      41
      39
      25
      37
      33
      40
      44
      35
      29
      43
      26
      40
      43
      42
      36
      36
      46
      44
      41
      41
      42
      37
      26
      38
      26
      35
      29
      47
      40
      34
      31
      40
      39
      29
      34
      33
      37
      27
      38
      32
      35
      29
      38
      32
      29
      35
      40
      26
      33
      30
      35
      40
      28
      28
      37
      39
      37
      30
      38
      27
      37
      36
      28
      34
      28
      30
      29
      25
      35
      35
      31
      25
      32
      42
      29
      49
      30
      29
      45
      34
      32
      44
      31
      29
      42
      28
      30
      41
      33
      31
      33
      34
      25
      26
      42
      30
      35
      22
      37
      24
      24
      30
      44
      26
      28
      39
      33
      28
      28
      35
      22
      28
      42
      34
      29
      31
      36
      29
      36
      25
      28
      34
      40
      22
      35
      36
      38
      35
      33
      33
      26
      34
      28
      27
      43
      32
      28
      38
      36
      36
      29
      42
      39
      39
      47
      37
      39
      42
      37
      35
      35
      40
      35
      47
      43
      38
      45
      41
      40
      39
      28
      44
      40
      41
      48
      53
      37
      53
      50
      57
      39
      61
      56
      60
      58
      59
      78
      66
      59
      54
      64
      63
      75
      87
      74
      97
      79
      78
      86
     119
      93
      96
     119
      92
      99
      99
     101
     110
      83
      91
     102
      84
      92
      86
      82
      83
      61
      46
      49
      41
      36
      32
      38
      31
      29
      30
      24
      26
      20
      32
      35
      32
      28
      38
      26
      31
      33
      23
      36
      41
      23
      27
      37
      29
      28
      24
      36
      23
      29
      23
      35
      25
      24
      31
      40
      28
      32
      32
      31
      30
      31
      42
      31
      43
      29
      38
      35
      30
      33
      28
      32
      32
      31
      24
      30
      31
      39
      39
      39
      51
      30
      25
      31
      23
      27
      30
      37
      36
      43
      34
      42
      38
      30
      32
      39
      35
      35
      36
      34
      32
      28
      31
      36
      41
      35
      35
      32
      31
      41
      29
      32
      32
      26
      35
      24
      30
      21
      29
      21
      34
      30
      28
      26
      34
      25
      24
      22
      21
      24
      18
      34
      28
      25
      18
      24
      31
      27
      39
      26
      37
      28
      31
      26
      21
      36
      24
      32
      24
      30
      23
      28
      24
      31
      27
      31
      36
      27
      19
      33
      27
      29
      32
      27
      30
      22
      33
      21
      28
      20
      27
      31
      31
      31
      27
      21
      34
      22
      27
      32
      22
      23
      18
      29
      20
      27
      25
      34
      35
      28
      34
      36
      22
      28
      23
      25
      30
      18
      20
      28
      30
      14
      38
      25
      28
      22
      20
      22
      37
      29
      27
      23
      13
      29
      26
      23
      27
      25
      31
      31
      21
      21
      32
      29
      21
      25
      27
      28
      23
      23
      29
      29
      27
      30
      29
      34
      21
      27
      22
      28
      26
      28
      26
      27
      21
      20
      31
      31
      31
      26
      30
      27
      39
      36
      32
      34
      31
      28
      20
      34
      29
      23
      31
      25
      24
      31
      19
      23
      25
      30
      17
      35
      29
      17
      31
      25
      31
      33
      23
      28
      31
      16
      37
      37
      31
      40
      28
      19
      19
      32
      23
      23
      31
      27
      32
      23
      24
      29
      24
      33
      42
      37
      53
      37
      42
      52
      36
      37
      37
      41
      47
      56
      54
      50
      58
      42
      40
      50
      52
      42
      56
      49
      61
      51
      50
      55
      42
      47
      41
      43
      52
      51
      49
      34
      33
      37
      37
      33
      31
      33
      27
      29
      26
      28
      19
      33
      31
      18
      20
      37
      25
      23
      31
      17
      23
      30
      21
      24
      23
      18
      27
      22
      20
      22
      25
      22
      27
      18
      34
      28
      25
      32
      21
      27
      32
      20
      22
      15
      16
      24
      20
      26
      23
      19
      25
      14
      21
      23
      20
      26
      19
      19
      30
      22
      21
      16
      16
      25
      19
      26
      26
      32
      28
      17
      14
      21
      22
      24
      23
      24
      24
      22
      25
      26
      18
      21
      26
      24
      22
      35
      29
      21
      23
      20
      33
      26
      15
      27
      25
      32
      30
      27
      22
      31
      31
      29
      32
      25
      26
      25
      31
      29
      33
      28
      32
      28
      22
      29
      26
      24
      37
      21
      29
      21
      17
      18
      15
      18
      17
      28
      20
      18
      21
      18
      16
      20
      20
      20
      20
      14
      20
      19
      17
      32
      18
      19
      21
      20
      17
      19
      15
      20
      18
      23
      23
      13
      27
      23
      14
      18
      17
      16
      20
      26
      18
      17
      25
      25
      24
      24
      16
      20
      11
      28
      19
      22
      20
      16
      20
      32
      16
      19
      33
      28
      16
      14
      20
      18
      17
      13
      22
      26
      14
      23
      24
      17
      14
      21
      26
      25
      26
      18
      25
      21
      30
      24
      28
      24
      28
      21
      21
      24
      19
      23
      29
      19
      25
      20
      18
      15
      21
      22
      19
      17
      14
      25
      12
      15
      23
      22
      14
      11
      26
      17
      19
      18
      21
      25
      24
      26
      20
      16
      26
      32
      17
      16
      20
      29
      26
      31
      14
      19
      17
      18
      16
      22
      24
      23
      30
      17
      14
      12
      22
      24
      11
      17
      30
      16
      26
      16
      17
      21
      25
      14
      24
      28
      20
      13
      19
      22
      23
      21
      28
      22
      20
      16
      15
      19
      24
      17
      22
      24
      14
      24
      31
      21
      18
      24
      14
      15
      27
      18
      24
      17
      14
      19
      21
      17
      18
      11
      25
      25
      22
      24
      20
      22
      27
      14
      24
      18
      24
      27
      31
      24
      22
      23
      26
      24
      22
      22
      26
      26
      20
      20
      25
      27
      30
      24
      18
      20
      23
      31
      24
      22
      28
      24
      25
      22
      47
      32
      29
      32
      41
      32
      33
      33
      29
      40
      39
      33
      39
      37
      38
      40
      43
      38
      39
      34
      42
      28
      26
      45
      39
      41
      46
      31
      37
      32
      43
      32
      32
      39
      23
      28
      25
      21
      24
      31
      22
      26
      26
      25
      22
      21
      31
      31
      20
      33
      23
      27
      38
      27
      16
      20
      20
      27
      27
      30
      17
      17
      24
      16
      25
      33
      27
      30
      37
      33
      12
      22
      34
      28
      27
      23
      31
      23
      24
      24
      28
      24
      29
      24
      34
      32
      31
      23
      27
      32
      34
      39
      33
      32
      42
      19
      35
      19
      30
      29
      36
      29
      24
      32
      26
      25
      28
      27
      31
      29
      26
      28
      21
      29
      31
      20
      31
      18
      24
      20
      19
      21
      16
      30
      23
      25
      30
      22
      19
      15
      18
      22
      15
      15
      17
      22
      27
      21
      25
      20
      21
      16
      18
      24
      17
      24
      24
      23
      27
      18
      24
      16
      21
      20
      26
      20
      15
      17
      23
      16
      21
      28
      23
      23
      14
      21
      20
      18
      26
      19
      11
      13
      17
      19
      20
      23
      10
      15
      29
      13
      15
      19
      16
      13
      18
      23
      10
      19
      16
      27
      13
      19
      24
      24
      14
      19
      19
      15
      17
      15
      30
      17
      18
      20
      16
      17
      27
      20
      20
      20
      26
      17
      16
      27
      22
      25
      19
      16
      18
      24
      25
      18
      27
      22
      30
      25
      28
      20
      25
      23
      24
      26
      23
      32
      21
      20
      28
      30
      28
      29
      23
      29
      17
      37
      23
      20
      26
      27
      27
      37
      31
      20
      22
      26
      28
      25
      28
      28
      35
      17
      17
      24
      18
      18
      23
      17
      27
      20
      22
      20
      28
      21
      21
      26
      23
      21
      19
      14
      26
      17
      23
      11
      18
      27
      19
      23
      22
      14
      15
      20
      16
      26
      24
      20
      27
      17
      19
      24
      26
      20
      15
      19
      21
      17
      23
      23
      17
      19
      16
      24
      18
      27
      21
      17
      28
      25
      23
      16
      16
      16
      11
      17
      21
      20
      24
      18
      17
      25
      19
      16
      21
      17
      23
      21
      17
      12
      28
      24
      24
      26
      30
      27
      30
      24
      24
      25
      19
      20
      28
      28
      28
      27
      25
      18
      20
      25
      30
      27
      20
      26
      25
      32
      26
      28
      31
      30
      28
      27
      36
      41
      31
      25
      31
      20
      23
      29
      19
      31
      30
      31
      23
      28
      21
      29
      24
      25
      29
      29
      29
      31
      23
      30
      22
      25
      20
      17
      24
      18
      19
      14
      20
      19
      17
      17
      23
      22
      24
      24
      18
      20
      15
      16
      21
      24
      18
      17
      24
      12
      27
      19
      25
      25
      21
      15
      16
      21
      13
      18
      12
      21
      21
      22
      24
      23
      26
      21
      21
      11
      15
      24
      15
      18
      22
      21
      15
      22
      25
      23
      22
      12
      21
      18
      21
      19
      22
      18
      18
      22
      26
      22
      27
      20
      17
      16
      18
      21
      13
      13
      18
      17
      27
      21
      12
      17
       9
      24
      18
      12
      19
      19
      12
      14
      11
      16
      13
      15
      13
      13
      21
      10
       9
      18
      17
      19
      19
      14
      13
      14
       4
      10
      16
      13
      12
      21
       9
      11
      16
      12
      18
      16
      12
      16
      18
      13
      15
      19
      12
      14
      15
       9
      12
       8
      14
      22
      12
      14
      26
      20
      16
      15
      16
      15
      27
       9
      12
      19
      15
      11
      13
      10
      12
      16
       6
       8
      11
      11
       8
      12
      13
      17
       8
      11
      11
      12
      18
      20
      12
      16
      18
      17
      13
      13
      18
      15
      14
      16
      17
      16
      14
      15
      11
      15
      15
      21
      14
      21
      16
      17
      13
      21
      16
      25
      18
      16
       5
      12
      18
      13
       8
      15
      13
      17
      23
      12
      20
      13
       8
      11
      23
      20
       9
      19
      18
      13
      21
      11
      19
      14
      11
       9
      20
      14
      18
      19
       9
      10
      17
       8
       8
      13
      11
      14
      11
       9
      13
       9
      12
      12
      13
      17
      15
      14
      16
      14
       7
      10
      14
       9
      11
      10
      12
      12
      10
      15
       9
       9
      10
      17
      10
      11
      12
       5
      17
      16
      12
       8
       9
       8
      16
      14
       7
      12
       6
      13
      10
       9
       9
      13
      15
       6
      15
       9
       9
      16
       6
      12
      15
      13
       8
       5
      11
      11
      14
      10
       9
      13
       5
      12
       9
       9
       9
      14
       6
      13
       8
       6
      11
      10
      14
       9
       7
       7
      13
       7
       9
      14
       8
       6
      15
      12
       9
      13
      12
       5
       9
      11
      12
       7
       7
       7
      10
       7
       8
      14
      10
       5
      11
       9
      14
      11
      12
      13
       7
       8
      15
      10
      11
       6
       6
       9
      12
      12
       9
       7
      10
      11
       7
      11
      10
       6
       3
       7
      12
       7
       7
       5
       9
      10
      10
      12
       6
       5
      16
      14
      12
       9
      12
      10
       9
      10
      13
       9
       8
      12
      15
      13
      11
       4
      14
       8
      13
       6
      13
      10
      11
      16
      13
      12
       8
      20
      10
       8
       7
       7
       4
       7
      15
      13
       9
      16
      10
       7
       6
      11
      10
       7
      11
       8
       8
       6
      14
       6
      10
       6
       9
      11
       9
       8
      10
       9
      10
       8
       6
       9
       6
       9
       8
       7
      10
       3
       9
       6
      12
       4
       9
       6
       8
       6
       6
      11
       8
       9
      14
       7
       9
       6
      10
       5
      11
      13
       6
      12
       5
       4
       4
       8
       9
       5
      10
       9
       9
       7
       7
       9
       8
       4
       5
      11
       9
       5
      10
       5
       8
      12
      11
       7
       9
       6
       4
       7
       7
       9
       4
       9
      13
       8
       7
       3
       7
       7
       3
       4
       3
      10
       5
       5
      13
       6
      13
      11
       3
       9
       4
       2
       9
       9
       9
       3
       5
       7
      14
       4
       5
       9
       6
      11
       3
      12
       3
      11
       6
       5
       9
       6
       7
      17
       4
       5
       9
       7
      14
       5
      11
       9
       9
       7
       2
       9
      12
      10
       9
      14
      13
       8
       5
      11
       8
      15
      20
      13
      14
      16
      17
      14
       7
      16
      11
      17
      14
      12
      12
      13
      16
      18
      18
      11
      15
      18
      10
      19
      14
      17
      18
      10
      14
      22
      17
      19
      16
      10
      21
      17
      12
      10
      11
       6
      13
      10
       9
      15
      14
      11
       5
      14
       8
       6
      11
      11
       7
      10
       9
      16
      11
      18
       7
      12
      11
      19
      18
      16
      10
      11
      15
      10
      15
      21
      16
       8
      20
      24
      20
      14
      21
      21
      14
      21
      30
      18
      29
      27
      25
      33
      34
      27
      34
      29
      32
      26
      38
      36
      34
      29
      36
      47
      39
      40
      43
      40
      52
      49
      40
      54
      33
      58
      68
      56
      23
      46
      52
      54
      48
      51
      81
      58
      67
      53
      55
      49
      56
      65
      55
      46
      49
      35
      41
      49
      30
      28
      22
      18
      21
       8
      10
      13
       7
       5
       7
       6
       4
       2
       2
       6
       7
       5
       4
       3
       9
      10
       4
       6
       4
       4
       4
       5
       6
       5
       4
       8
       2
       1
       8
       1
       7
       4
       3
       7
       5
       4
       5
       8
       7
       4
       8
      10
       6
       4
       7
       3
       6
       5
       5
       1
       7
       6
       2
       2
       1
       6
       2
       5
       9
       7
       5
       6
      13
       4
       6
       2
       8
       7
       5
       6
       1
      11
       5
       5
       7
       4
       5
       5
       3
       6
       2
       5
       6
       4
       4
       5
       2
       3
      11
       5
       2
       5
       4
       4
       2
       5
       7
       6
       6
       5
       4
       7
       4
       6
       4
       9
       2
       3
       3
       5
       4
       4
       3
       3
       3
       5
       2
       6
       5
       7
       7
       6
       7
       4
       2
       4
       5
       4
       7
       4
       7
       4
       9
       3
       5
       8
       6
      10
       6
       1
       3
       9
       4
       8
       5
       4
       5
       5
       6
       3
       9
       7
       8
       4
       4
       8
      10
       4
       6
       6
       2
       8
       3
       6
       8
      11
      10
       6
       6
       2
      11
       4
       9
      10
      10
       7
       6
       8
      14
       7
      17
       5
      16
      11
      17
      14
       9
       9
      10
      13
      10
       7
      12
      13
      12
      11
      12
      10
      13
      14
      16
       8
      13
      13
      15
      13
      12
      13
      15
      12
      13
       5
      13
       9
      10
       9
      10
       6
      11
       9
       9
       2
       4
       6
       9
       6
       3
       9
       6
       5
       4
       2
       7
       5
       2
       3
       2
       6
       4
       7
       5
       7
       6
       5
       3
       9
       5
      10
       1
       5
       6
       5
       6
       4
       4
       5
       5
       7
       4
       5
      10
       7
      10
       6
       2
       6
       2
       3
       4
       3
       5
       6
       8
       3
       5
       4
       8
       6
       4
       2
       4
       1
       9
       9
       8
       3
       7
       1
       2
       3
       4
       3
       3
       8
       6
       6
       4
       5
       6
       5
       6
       5
       2
       4
       9
       3
       7
      10
       8
      11
       4
       7
       3
       4
       9
       2
       2
       4
       7
       4
       5
       7
       6
       5
       6
       8
       8
       7
       3
       6
       5
       6
       5
       5
       4
       6
       1
       5
       4
       3
       7
       2
       5
       8
       3
       1
       4
       7
       3
       3
       5
       4
       4
       3
       6
       5
       5
       5
       1
       1
       5
       3
       7
       3
       5
       6
       6
       7
       3
       4
       2
       8
       6
       0
       6
       5
       3
       5
       4
       4
       2
       2
       7
       8
       3
       1
       3
       2
       4
       7
       1
       4
       5
       5
       1
       6
       4
       5
       6
       4
       5
       4
       4
       4
       9
       4
       9
       6
       2
       5
       5
       4
       7
       2
       6
       4
       7
       4
       7
       5
       7
       4
       2
       8
       4
       6
       6
       7
       7
       5
       7
       6
       2
       2
       3
       3
       3
       2
       8
       8
       0
       5
       7
       9
       7
       3
       5
       5
       4
       6
       5
       4
       4
       4
       7
       4
       6
       3
       2
       4
      10
       6
      11
       3
       3
       7
       4
       4
       3
       3
       8
       6
       7
       9
       2
       5
       6
       7
       1
       4
      11
       4
       5
       1
       5
       5
       3
       4
       1
       9
       4
       5
       7
       5
       3
       5
       5
       4
       4
       4
       4
       3
       4
       3
       2
       6
       5
       6
       5
       6
       5
       2
      10
       6
       6
       2
       5
       3
       4
       6
       6
       5
       3
       6
       0
       4
       4
       3
       3
       7
       4
       7
       5
       3
       2
       5
       3
       2
       4
       4
       1
       6
       7
       3
       2
       5
       2
       2
       5
       4
       1
       6
       4
       7
       2
       3
       2
       4
       6
       6
       1
       4
       2
       5
       6
       3
       2
       0
       4
       2
       8
       6
       4
       6
       4
       6
       3
       6
       4
       2
       6
       6
       5
       3
       6
       1
       3
       2
       0
       1
       1
       3
       5
       5
       6
       7
       6
       3
       5
       4
       2
       2
       3
       2
       2
       3
       6
       9
       2
       4
       7
       2
       2
       0
       4
       0
       7
       2
       3
       2
       2
       6
       2
       3
       2
       2
       4
       2
       7
       5
       4
       2
       2
       3
       2
       4
       2
       5
       4
       2
       2
       4
       0
       3
       2
       3
       2
       2
       5
       5
       3
       2
       2
       3
       1
       2
       1
       6
       2
       1
       2
       3
       1
       5
       3
       5
       2
       6
       1
       6
       5
       1
       1
       2
       0
       2
       2
       8
       1
       2
       3
       4
       2
       6
       3
       3
       1
       2
       3
       4
       1
       4
       2
       1
       5
       2
       6
       4
       2
       1
       4
       5
       2
       8
       2
       8
       2
       3
       3
       8
       5
       2
       5
       3
       3
       1
       4
       6
       1
       1
       3
       1
       4
       7
       3
       3
       2
       2
       4
       2
       3
       2
       3
       3
       3
       2
       4
       1
       4
       4
       4
       1
       2
       5
       2
       3
       3
       2
       5
       4
       6
       2
       2
       1
       3
       2
       3
       2
       2
       7
       1
       0
       2
       3
       3
       0
       5
       5
       3
       1
       2
       3
       2
       5
       0
       2
       0
       4
       0
       3
       2
       0
       1
       4
       3
       1
       4
       1
       5
       2
       2
       1
       1
       0
       2
       1
       4
       1
       2
       2
       6
       1
       2
       1
       3
       0
       5
       3
       1
       1
       2
       2
       3
       2
       1
       2
       2
       1
       1
       4
       3
       2
       3
       1
       3
       0
       2
       4
       1
       5
       1
       4
       1
       1
       0
       5
       1
       4
       2
       2
       2
       3
       0
       2
       0
       1
       2
       3
       2
       1
       6
       2
       3
       2
       2
       4
       2
       1
       3
       2
       1
       5
       1
       2
       1
       4
       5
       4
       2
       2
       3
       3
       4
       1
       2
       5
       4
       3
       5
       3
       1
       1
       1
       3
       3
       4
       1
       3
       5
       2
       5
       6
       6
       2
       4
       4
       2
       3
       1
       4
       4
       8
       4
       2
       3
       4
       2
       2
       5
       4
       3
       7
       5
       7
       3
       4
       5
       3
       2
       3
       5
       0
       7
       8
       1
       3
       3
       4
       6
       5
       9
       4
       2
       5
       4
       6
       3
       5
       6
       7
       2
       0
       6
       4
       7
       6
       6
       3
       4
       5
       3
       3
       3
       3
       5
       3
       2
       2
       1
       0
       1
       3
       1
       3
       2
       1
       1
       3
       1
       1
       2
       0
       3
       1
       1
       1
       1
       4
       2
       0
       3
       0
       0
       0
       0
       2
       1
       3
       0
       3
       2
       2
       2
       5
       2
       3
       0
       0
       0
       0
       2
       3
       1
       3
       3
       1
       1
       1
       0
       2
       0
       1
       1
       0
       2
       4
       3
       3
       5
       3
       1
       1
       2
       1
       2
       1
       1
       1
       3
       2
       0
       2
       0
       2
       2
       0
       1
       0
       3
       3
       2
       6
       2
       3
       0
       0
       0
       0
       1
       4
       4
       2
       2
       0
       4
       2
       3
       5
       5
       4
       1
       3
       2
       4
       2
       1
       3
       4
       3
       1
       4
       2
       3
       2
       1
       0
       4
       4
       5
       0
       6
       0
       4
       3
       4
       6
       4
       0
       1
       0
       6
       3
       4
       3
       2
       6
       2
       4
       4
       3
       6
       3
       6
       4
       2
       3
       6
       3
       1
       4
       5
       6
       1
       7
       6
      10
       4
       2
       8
       6
       8
       4
       5
       1
       5
       8
       6
       7
       7
       6
       7
       5
       7
      12
       5
       8
      18
       9
       7
      10
       8
       6
      10
      13
       7
      10
       5
      10
      10
      15
      15
      11
       6
      13
      15
       5
      11
       8
      21
      15
       8
      12
      16
      14
      13
      11
      12
      11
      21
      16
      13
      14
      14
      17
      16
      12
      15
      12
       9
       9
       9
       8
       4
       3
       2
       3
       3
       4
       2
       2
       3
       1
       1
       2
       1
       0
       1
       0
       0
       1
       0
       2
       2
       1
       0
       1
       1
       1
       0
       2
       0
       3
       0
       2
       2
       0
       0
       2
       0
       2
       2
       3
       1
       0
       0
       1
       1
       1
       1
       1
       1
       0
       3
       0
       0
       0
       0
       0
       1
       1
       1
       1
       0
       1
       1
       0
       1
       0
       0
       1
       0
       0
       2
       1
       1
       2
       1
       0
       2
       0
       1
       1
       1
       0
       1
       1
       2
       1
       2
       0
       0
       1
       1
       0
       2
       3
       2
       0
       0
       3
       2
       0
       0
       1
       0
       1
       0
       2
       0
       2
       1
       0
       0
       1
       2
       0
       1
       0
       0
       2
       0
       2
       1
       1
       0
       1
       4
       0
       1
       0
       1
       0
       1
       3
       2
       0
       1
       0
       1
       0
       0
       0
       0
       0
       0
       1
       1
       1
       1
       1
       1
       0
       0
       0
       3
       0
       1
       1
       2
       0
       0
       0
       1
       1
       0
       1
       2
       0
       0
       3
       2
       1
       0
       1
       1
       3
       0
       1
       2
       3
       2
       2
       1
       1
       0
       0
       0
       1
       2
       2
       2
       1
       1
       2
       0
       0
       0
       1
       0
       5
       2
       1
       1
       3
       1
       0
       1
       0
       1
       1
       0
       0
       0
       2
       3
       0
       1
       2
       0
       2
       1
       2
       2
       2
       0
       4
       0
       2
       3
       1
       2
       3
       1
       1
       0
       1
       1
       0
       1
       3
       0
       2
       2
       0
       1
       0
       0
       1
       1
       0
       0
       1
       2
       0
       0
       0
       0
       0
       1
       1
       0
       0
       0
       1
       0
       0
       0
       0
       3
       0
       1
       0
       0
       1
       1
       0
       1
       1
       4
       0
       0
       2
       0
       2
       1
       0
       1
       1
       0
       2
       1
       0
       1
       1
       3
       0
       1
       0
       3
       0
       1
       0
       3
       0
       0
       1
       0
       1
       1
       1
       0
       2
       2
       0
       0
       1
       1
       1
       0
       0
       0
       0
       1
       0
       1
       2
       1
       1
       0
       0
       0
       2
       0
       0
       1
       0
       0
       0
       0
       1
       0
       0
       0
       0
       0
       0
       1
       1
       2
       0
       1
       1
       0
       0
       0
       0
       0
       1
       0
       1
       0
       0
       1
       1
       0
       1
       0
       0
       0
       0
       1
       0
       1
       0
       0
       1
       0
       0
       2
       0
       0
       0
       2
       1
       0
       0
       0
       1
       0
       1
       0
       1
       0
       0
       1
       0
       2
       0
       0
       2
       1
       0
       0
       0
       1
       0
       0
       0
       0
       1
       1
       1
       0
       0
       0
       0
       0
       1
       1
       0
       2
       1
       1
       0
       1
       1
       1
       2
       0
       0
       1
       0
       0
       1
       0
       1
       0
       1
       0
       1
       1
       0
       0
       0
       0
       1
       0
       0
       0
       0
       1
       0
       1
       2
       2
       1
       0
       0
       0
       1
       0
       0
       0
       0
       1
       0
       0
       0
       0
       0
       0
       1
       0
       1
       0
       1
       1
       1
       0
       0
       0
       1
       0
       0
       1
       0
       1
       0
       0
       1
       1
       1
       3
       2
       0
       0
       0
       0
       0
       0
       0
       0
       0
       0
       0
       1
       0
       1
       0
       0
       1
       0
       1
       0
       0
       1
       0
       3
       1
       0
       0
       0
       0
       0
       0
       2
       2
       0
       1
       0
       0
       0
       0
       0
       0
       1
       0
       1
       1
       0
       0
       0
       0
       1
       1
       1
       0
       0
       1
       0
       2
       1
       2
       0
       0
       1
       0
       2
       0
       0
       4
       0
       1
       0
       1
       0
       0
       1
       1
       1
       1
       1
       0
       0
       2
       2
       0
       0
       1
       2
       0
       0
       1
       1
       2
       3
       1
       1
       2
       3
       1
       2
       2
       1
       1
       2
       1
       0
       1
       0
       1
       1
       1
       4
       1
       1
       1
       1
       1
       2
       3
       4
       5
       2
       0
       1
       3
       6
       3
       2
       2
       3
       0
       1
       0
       1
       6
       2
       2
       3
       3
       3
       2
       3
       5
       3
       3
       5
       2
       2
       3
       6
       3
       2
       5
       1
       6
       3
       2
       3
       3
       4
       4
       4
       3
       4
       2
       3
       2
       2
       3
       3
       0
       0
       0
       0
       0
       1
       2
       1
       0
       1
       0
       0
       0
       1
       1
       0
       0
       1
       0
       0
       0
       0
       2
       0
       0
       0
       0
       1
       0
       0
       0
       0
       0
       1
       0
       0
       0
       0
       0
       0
       0
       0
       0
       1
       0
       0
       1
       0
       0
       0
       0
       0
       0
       0
       0
       0
       0
       0
       1
       1
       0
       0
       1
       0
       0
       1
       0
       0
       0
       1
       0
       0
       0
       0
       0
       0
       0
       0
       0
       0
       0
       0
       2
       0
       0
       0
       0
       0
       0
       1
       0
       1
       0
       0
       0
       0
       0
       1
       0
       1
       0
       0
       0
       0
       0
       0
       1
       0
       0
       0
       1
       1
       0
       0
       0
       0
       0
       0
       0
       0
       0
       0
       0
       0
       0
       0
       1
       0
       0
       1
       0
       0
       0
       0
       0
       0
       0
       0
       0
       0
       0
       0
       0
       0
       0
       0
       0
       1
       0
       0
       0
       0
       0
       1
       0
       0
       1
       0
       0
       0
       0
       0
       0
       0
       0
       0
       0
       0
       1
       0
       0
       0
       0
       0
       0
       0
       0
       0
       0
       0
       0
       0
       0
       0
       0
       0
       0
       0
       0
       0
       0
       0
       0
       0
       0
       0
       1
       0
       0
       0
       0
       0
       0
       0
       0
       1
       0
       0
       0
       0
       0
       2
       1
       0
       0
       0
       0
       0
       0
       0
       0
       0
       0
       0
       0
       0
       0
       0
       0
       0
       0
       0
       0
       0
       0
       0
       1
       1
       0
       0
       0
       0
       1
       0
       0
       0
       0
       0
       0
       0
       0
       0
       0
       1
       0
       0
       0
       1
       0
       0
       0
       0
       0
       0
       0
       0
       0
       0
       0
       0
       0
       0
       1
       0
       0
       0
       0
       0
       0
       0
       0
       0
       0
       0
       0
       0
       0
       0
       0
       0
       0
       1
       0
       0
       0
       0
       0
       0
       0
       0
       0
       0
       0
       0
       1
       0
       0
       0
       0
       1
       0
       0
       0
       0
       0
       0
       0
       1
       0
       0
       0
       0
       0
       0
       0
       0
       1
       0
       0
       0
       0
       0
       1
       1
       1
       0
       0
       0
       1
       0
       0
       0
       1
       0
       0
       0
       0
       0
       0
       1
       0
       0
       0
       0
       0
       0
       0
       2
       0
       0
       1
       2
       0
       0
       0
       0
       1
       0
       0
       0
       1
       1
       0
       1
       0
       0
       0
       0
       0
       1
       0
       0
       0
       0
       0
       2
       0
       3
       0
       1
       0
       1
       1
       0
       0
       1
       0
       0
       0
       0
       0
       0
       0
       0
       0
       0
       0
       0
       0
       0
       0
       0
       0
       0
       0
       0
       0
       0
       0
       0
       0
       0
       0
       0
       0
       0
       0
       0
       0
       0
       0
       0
       0
       0
       0
       0
       0
       0
       0
       0
       0
       0
       0
       0
       0
       0
       0
       0
       0
       0
       0
       0
       0
       0
       0
       0
       0
       0
       0
       0
       0
       0
       0
       0
       0
       0
       0
       0
       0
       0
       0
       0
       0
       0
       0
       0
       0
       0
       0
       0
       0
       0
       0
       0
       0
       0
       0
       0
       0
       0
       0
       0
       0
       0
       0
       0
       0
       0
       0
       0
       0
       0
       0
       0
       0
       0
       0
       0
       0
       0
       0
       0
       0
       0
       0
       0
       0
       0
       0
       0
       0
       0
       0
       0
       0
       0
       0
       0
       0
       0
       0
       0
       0
       0
       0
       0
       0
       0
       0
       0
       0
       0
       0
       0
       0
       0
       0
       0
       0
       0
       0
       0
       0
       0
       0
       0
       0
       0
       0
       0
       0
       0
       0
       0
       0
       0
       0
       0
       0
       0
       0
       0
       0
       0
       0
       0
       0
       0
       0
       0
       0
       0
       0
       0
       0
       0
       0
       0
       0
       0
       0
       0
       0
       0
       0
       0
       0
       0
       0
       0
       0
       0
       0
       0
       0
       0
       0
       0
       0
       0
       0
       0
       0
       0
       0
       0
       0
       0
       0
       0
       0
       0
       0
       0
       0
       0
       0
       0
       0
       0
       0
       0
       0
       0
       0
       0
       0
       0
       0
       0
       0
       0
       0
       0
       0
       0
       0
       0
       0
       0
       0
       0
       0
       0
       0
       0
       0
       0
       0
       0
       0
       0
       0
       0
       0
       0
       0
       0
       0
       0
       0
       0
       0
       0
       0
       0
       0
       0
       0
       0
       0
       0
       0
       0
       0
       0
       0
       0
       0
       0
       0
       0
       0
       0
       0
       0
       0
       0
       0
       0
       0
       0
       0
       0
       0
       0
       0
       0
       0
       0
       0
       0
       0
       0
       0
       0
       0
       0
       0
       0
       0
       0
       0
       0
       0
       0
       0
       0
       0
       0
       0
       0
       0
       0
       0
       0
       0
       0
       0
       0
       0
       0
       0
       0
       0
       0
       0
       0
       0
       0
       0
       0
       0
       0
       0
       0
       0
       0
       0
       0
       0
       0
       0
       0
       0
       0
       0
       0
       0
       0
       0
       0
       0
       0
       0
       0
       0
       0
       0
       0
       0
       0
       0
       0
       0
       0
       0
       0
       0
       0
       0
       0
       0
       0
       0
       0
       0
       0
       0
       0
       0
       0
       0
       0
       0
       0
       0
       0
       0
       0
       0
       0
       0
       0
       0
       0
       0
       0
       0
       0
       0
       0
       0
       0
       0
       0
       0
       0
       0
       0
       0
       0
       0
       0
       0
       0
       0
       0
       0
       0
       0
       0
       0
       0
       0
       0
       0
       0
       0
       0
       0
       0
       0
       0
       0
       0
       0
       0
       0
       0
       0
       0
       0
       0
       0
       0
       0
       0
       0
       0
       0
       0
       0
       0
       0
       0
       0
       0
       0
       0
       0
       0
       0
       0
       0
       0
       0
       0
       0
       0
       0
       0
       0
       0
       0
       0
       0
       0
       0
       0
       0
       0
       0
       0
       0
       0
       0
       0
       0
       0
       0
       0
       0
       0
       0
       0
       0
       0
       0
       0
       0
       0
       0
       0
       0
       0
       0
       0
       0
       0
       0
       0
       0
       0
       0
       0
       0
       0
       0
       0
       0
       0
       0
       0
       0
       0
       0
       0
       0
       0
       0
       0
       0
       0
       0
       0
       0
       0
       0
       0
       0
       0
       0
       0
       0
       0
       0
       0
       0
       0
       0
       0
       0
       0
       0
       0
       0
       0
       0
       0
       0
       0
       0
       0
       0
       0
       0
       0
       0
       0
       0
       0
       0
       0
       0
       0
       0
       0
       0
       0
       0
       0
       0
       0
       0
       0
       0
       0
       0
       0
       0
       0
       0
       0
       0
       0
       0
       0
       0
       0
       0
       0
       0
       0
       0
       0
       0
       0
       0
       0
       0
       0
       0
       0
       0
       0
       0
       0
       0
       0
       0
       0
       0
       0
       0
       0
       0
       0
       0
       0
       0
       0
       0
       0
       0
       0
       0
       0
       0
       0
       0
       0
       0
       0
       0
       0
       0
       0
       0
       0
       0
       0
       0
       0
       0
       0
       0
       0
       0
       0
       0
       0
       0
       0
       0
       0
       0
       0
       0
       0
       0
       0
       0
       0
       0
       0
       0
       0
       0
       0
       0
       0
       0
       0
       0
       0
       0
       0
       0
       0
       0
       0
       0
       0
       0
       0
       0
       0
       0
       0
       0
       0
       0
       0
       0
       0
       0
       0
       0
       0
       0
       0
       0
       0
       0
       0
       0
       0
       0
       0
       0
       0
       0
       0
       0
       0
       0
       0
       0
       0
       0
       0
       0
       0
       0
       0
       0
       0
       0
       0
       0
       0
       0
       0
       0
       0
       0
       0
       0
       0
       0
       0
       0
       0
       0
       0
       0
       0
       0
       0
       0
       0
       0
       0
       0
       0
       0
       0
       0
       0
       0
       0
       0
       0
       0
       0
       0
       0
       0
       0
       0
       0
       0
       0
       0
       0
       0
       0
       0
       0
       0
       0
       0
       0
       0
       0
       0
       0
       0
       0
       0
       0
       0
       0
       0
       0
       0
       0
       0
       0
       0
       0
       0
       0
       0
       0
       0
       0
       0
       0
       0
       0
       0
       0
       0
       0
       0
       0
       0
       0
       0
       0
       0
       0
       0
       0
       0
       0
       0
       0
       0
       0
       0
       0
       0
       0
       0
       0
       0
       0
       0
       0
       0
       0
       0
       0
       0
       0
       0
       0
       0
       0
       0
       0
       0
       0
       0
       0
       0
       0
       0
       0
       0
       0
       0
       0
       0
       0
       0
       0
       0
       0
       0
       0
       0
       0
       0
       0
       0
       0
       0
       0
       0
       0
       0
       0
       0
       0
       0
       0
       0
       0
       0
       0
       0
       0
       0
       0
       0
       0
       0
       0
       0
       0
       0
       0
       0
       0
       0
       0
       0
       0
       0
       0
       0
       0
       0
       0
       0
       0
       0
       0
       0
       0
       0
       0
       0
       0
       0
       0
       0
       0
       0
       0
       0
       0
       0
       0
       0
       0
       0
       0
       0
       0
       0
       0
       0
       0
       0
       0
       0
       0
       0
       0
       0
       0
       0
       0
       0
       0
       0
       0
       0
       0
       0
       0
       0
       0
       0
       0
       0
       0
       0
       0
       0
       0
       0
       0
       0
       0
       0
       0
       0
       0
       0
       0
       0
       0
       0
       0
       0
       0
       0
       0
       0
       0
       0
       0
       0
       0
       0
       0
       0
       0
       0
       0
       0
       0
       0
       0
       0
       0
       0
       0
       0
       0
       0
       0
       0
       0
       0
       0
       0
       0
       0
       0
       0
       0
       0
       0
       0
       0
       0
       0
       0
       0
       0
       0
       0
       0
       0
       0
       0
       0
       0
       0
       0
       0
       0
       0
       0
       0
       0
       0
       0
       0
       0
       0
       0
       0
       0
       0
       0
       0
       0
       0
       0
       0
       0
       0
       0
       0
       0
       0
       0
       0
       0
       0
       0
       0
       0
       0
       0
       0
       0
       0
       0
       0
       0
       0
       0
       0
       0
       0
       0
       0
       0
       0
       0
       0
       0
       0
       0
       0
       0
       0
       0
       0
       0
       0
       0
       0
       0
       0
       0
       0
       0
       0
       0
       0
       0
       0
       0
$ROI:
0
$PRESETS:
None
0
0
$ENER_FIT:
-11.568381 0.372094
$MCA_CAL:
3
-1.156838E+001 3.720943E-001 0.000000E+000 keV
$SHAPE_CAL:
3
1.174447E+001 5.235581E-003 0.000000E+000
