$SPEC_ID:
No sample description was entered.
$SPEC_REM:
DET# 1
DETDESC# DESKTOP-PNQJTCJ Easy-MCA-8k SN 09161357
AP# Maestro Version 7.01
$DATE_MEA:
05/07/2024 10:08:13
$MEAS_TIM:
700 1252
$DATA:
0 8191
       0
       0
       0
       0
       0
       0
       0
       0
     124
     138
     142
     127
      97
     103
      85
      72
      90
      61
      61
      49
      46
      50
      40
      35
      48
      43
      35
      34
      29
      42
      37
      23
      29
      20
      17
      10
      11
      12
       8
       8
       8
      16
       7
      11
       6
      11
       9
       8
      10
      12
       5
      11
      16
       8
       8
       9
      10
      17
      49
      67
     141
     173
     193
     288
     288
     284
     408
     677
    2881
    7546
    8500
    8596
    8415
    8117
    8422
    8458
    8515
    8609
    8421
    8580
    8453
    8575
    8417
    8601
    8621
    8570
    8692
    9138
    8798
    8855
    8992
    9164
    9431
    9258
    9458
    9637
    9854
    9857
   10147
   10492
   10431
   10902
   11071
   11398
   11714
   11973
   12523
   12964
   13280
   13924
   14630
   15199
   15685
   16433
   17337
   17920
   18457
   19756
   20552
   21690
   22681
   23769
   25052
   26181
   27605
   29041
   30566
   32005
   33195
   34742
   36270
   37787
   39284
   40451
   41790
   43635
   44095
   45450
   46448
   47303
   47506
   48337
   48442
   48833
   48554
   48021
   48158
   47429
   46191
   45408
   45165
   44032
   42414
   40831
   39525
   38254
   36602
   35554
   34379
   32813
   31347
   30128
   28739
   27698
   26429
   25204
   24427
   23334
   22262
   21270
   20203
   19595
   18990
   18469
   17912
   16899
   16392
   15814
   15782
   15310
   14778
   14532
   13949
   13763
   13478
   13384
   13196
   12741
   12758
   12696
   12426
   12458
   12352
   12004
   12149
   12071
   11776
   11876
   11882
   11828
   11672
   11527
   11427
   11550
   11444
   11504
   11391
   11308
   11425
   11081
   11151
   11068
   11098
   11237
   10989
   10973
   10917
   10698
   10670
   10779
   10729
   10822
   10609
   10761
   10425
   10811
   10558
   10545
   10673
   10631
   10453
   10633
   10708
   10710
   10659
   10635
   10795
   10542
   10600
   10765
   10619
   10390
   10738
   10699
   10686
   10760
   10802
   10618
   10848
   10658
   10784
   10581
   10845
   10884
   10796
   10898
   10759
   10782
   10801
   11003
   10834
   10753
   10972
   10876
   10932
   10983
   11230
   11246
   11227
   11408
   11343
   11331
   11282
   11457
   11422
   11707
   11726
   11797
   11950
   11995
   12115
   12276
   12296
   12298
   12674
   12824
   12919
   13335
   13448
   13507
   13751
   13850
   14289
   14423
   14804
   15154
   15284
   15440
   15676
   16198
   16388
   16806
   16931
   17538
   17559
   18022
   18325
   18922
   19043
   19499
   19558
   20071
   20579
   20668
   21236
   21146
   21458
   21787
   22006
   22568
   22565
   22574
   22808
   22844
   23072
   22970
   23162
   23326
   23131
   23301
   23294
   23057
   22696
   22881
   22582
   22576
   22280
   22233
   21918
   21794
   21635
   21157
   20818
   21027
   20367
   20312
   19914
   19520
   19353
   19210
   18907
   18603
   18456
   18323
   18111
   18009
   18006
   17659
   17489
   17048
   16977
   16892
   16878
   16700
   16727
   16620
   16381
   16100
   16209
   16205
   16114
   15760
   15801
   15844
   15620
   15534
   15667
   15621
   15176
   14967
   14927
   14883
   14667
   14681
   14737
   14033
   14339
   13977
   13735
   13753
   13580
   13650
   13557
   13351
   13382
   12967
   12802
   12726
   12561
   12550
   12441
   12203
   12251
   12078
   11905
   12040
   11900
   11950
   11718
   11746
   11497
   11564
   11420
   11357
   11448
   11221
   11320
   11323
   11185
   11260
   11204
   11051
   11071
   11340
   11044
   11263
   11116
   11080
   11264
   11231
   11114
   11130
   11056
   11329
   11307
   11165
   11299
   11483
   11351
   11272
   11043
   11276
   11261
   11174
   11196
   11336
   11362
   11519
   11460
   11495
   11549
   11522
   11704
   11408
   11833
   11723
   11711
   11534
   11765
   11417
   11518
   11593
   11806
   11763
   11637
   11753
   11726
   11951
   11934
   12005
   11969
   12008
   11886
   11838
   12063
   12077
   12055
   11949
   12186
   12119
   11996
   12438
   12070
   12043
   12309
   12453
   12138
   12424
   12386
   12209
   12356
   12552
   12524
   12580
   12393
   12402
   12650
   12512
   12426
   12526
   12581
   12592
   12781
   12551
   12703
   12634
   12766
   12862
   12671
   13030
   12826
   12929
   13036
   12975
   12916
   12908
   12920
   13153
   12927
   13149
   13127
   13057
   12930
   13184
   13076
   13065
   12990
   13170
   13210
   13135
   13303
   13229
   13252
   13207
   13173
   13173
   13370
   13284
   13377
   13165
   13472
   13496
   13479
   13607
   13486
   13367
   13377
   13332
   13335
   13580
   13391
   13429
   13623
   13659
   13475
   13485
   13764
   13696
   13577
   13771
   14038
   13848
   13947
   13684
   13410
   13700
   13802
   13782
   13970
   13893
   13781
   13950
   13765
   13999
   13871
   13994
   13905
   14080
   14021
   14063
   14186
   13909
   13793
   13881
   13982
   13975
   13800
   14009
   14094
   14249
   14149
   14042
   14042
   13979
   13996
   14171
   14084
   14138
   14094
   14120
   14170
   14332
   14140
   14189
   14182
   14294
   14448
   14096
   14418
   14502
   14306
   14408
   14514
   14438
   14219
   14505
   14493
   14424
   14488
   14476
   14500
   14366
   14254
   14543
   14743
   14652
   14891
   14692
   14663
   14645
   14604
   14679
   14794
   14733
   14782
   14850
   14620
   14854
   14822
   14891
   14787
   14733
   14823
   14891
   14919
   14903
   15095
   14944
   15134
   14931
   15059
   15114
   14885
   15053
   15192
   15242
   15152
   14942
   15322
   15154
   15205
   15212
   15443
   15295
   15213
   15233
   15314
   15220
   15389
   15504
   15598
   15551
   15524
   15562
   15477
   15408
   15327
   15660
   15487
   15344
   15871
   15783
   15688
   15837
   15943
   15975
   15819
   16021
   16144
   15832
   15824
   16040
   15947
   15988
   15903
   16151
   16313
   16260
   16109
   16252
   16516
   16351
   16410
   16430
   16596
   16839
   16461
   16980
   16666
   16820
   16897
   16938
   16945
   16931
   17095
   17110
   17286
   17314
   17262
   17424
   17382
   17606
   17574
   17785
   17527
   17733
   17973
   17869
   18066
   18289
   18265
   18660
   18030
   18214
   18462
   18587
   18635
   18755
   18607
   18936
   18829
   18993
   19166
   19246
   19418
   19280
   19536
   19271
   19777
   19967
   19862
   19873
   20008
   20213
   20114
   20133
   20229
   20377
   20448
   20535
   20391
   20912
   20928
   20947
   21056
   21154
   21269
   21175
   21305
   21352
   21306
   21481
   21611
   21942
   21713
   21786
   22075
   22142
   22184
   21971
   22027
   22151
   22418
   22198
   22098
   22411
   22410
   22505
   22632
   22691
   22609
   22496
   22511
   23077
   22711
   22799
   22901
   22530
   22961
   23128
   22948
   23198
   22932
   23194
   23083
   23277
   23076
   23207
   23118
   23049
   23297
   23270
   23126
   23366
   23285
   23419
   23119
   23284
   23483
   23377
   23374
   23286
   23451
   23130
   23206
   23199
   23341
   23037
   23086
   23246
   23143
   23207
   22905
   23390
   23014
   23228
   23343
   23254
   23145
   23098
   23366
   23095
   22932
   22750
   23067
   23130
   22928
   23257
   23079
   22828
   22846
   23165
   22835
   22894
   22761
   22925
   22865
   22712
   22422
   22533
   22799
   22447
   22516
   22567
   22775
   22527
   22727
   22534
   22647
   22517
   22743
   22387
   22498
   22486
   22506
   22322
   22196
   22267
   22298
   22245
   22311
   22378
   21846
   21968
   22101
   21904
   22275
   21830
   21892
   22305
   22101
   21917
   22160
   21973
   22052
   21929
   21816
   21724
   21828
   21520
   21883
   21780
   21503
   21323
   21863
   21767
   21496
   21632
   21441
   21448
   21235
   21254
   21310
   21680
   21407
   21489
   21336
   21109
   21278
   21234
   21413
   21409
   21241
   21140
   20988
   20788
   21205
   21175
   20956
   20989
   21138
   20695
   21061
   20961
   21118
   20976
   21046
   20925
   21028
   20745
   20722
   20633
   20584
   20940
   20469
   20664
   20807
   20345
   20594
   20673
   20614
   20428
   20508
   20495
   20556
   20602
   20338
   20506
   20416
   20350
   20012
   20473
   20295
   20376
   20469
   19925
   19928
   20272
   20116
   20247
   20022
   20068
   19969
   20202
   19933
   20022
   19923
   20147
   19839
   19754
   19992
   20000
   19863
   19842
   19793
   19801
   19825
   19939
   19759
   19793
   19919
   19736
   19733
   19642
   19767
   19764
   19576
   19581
   19672
   19489
   19638
   19654
   19552
   19277
   19433
   19675
   19539
   19524
   19345
   19357
   19653
   19720
   19468
   19552
   19492
   19206
   19240
   19196
   19318
   19139
   19354
   19304
   19276
   18996
   19128
   19097
   19369
   19004
   18977
   19254
   19076
   19180
   18884
   18950
   18939
   19187
   19176
   19177
   18732
   18987
   19101
   18855
   18767
   18874
   18673
   18928
   18766
   19144
   18865
   18685
   18490
   18662
   18599
   18837
   18867
   18511
   18884
   18607
   18716
   18534
   18909
   18619
   18459
   18617
   18342
   18513
   18579
   18671
   18404
   18704
   18676
   18515
   18443
   18548
   18464
   18304
   18424
   18408
   18427
   18429
   18434
   18384
   18070
   18372
   18267
   18246
   18237
   18371
   18244
   18585
   18252
   18471
   18273
   18274
   18056
   18212
   18126
   18337
   18172
   18293
   18066
   18155
   18083
   18121
   18165
   17929
   18145
   18411
   18059
   17945
   18049
   17897
   18035
   17830
   17989
   18015
   17746
   17820
   18008
   17819
   17751
   17898
   17952
   17787
   17932
   17974
   17915
   18039
   17857
   17922
   17984
   17669
   17928
   17998
   17757
   17603
   17645
   17802
   17902
   17756
   17863
   17607
   17568
   17581
   17782
   17591
   17536
   17388
   17545
   17682
   17729
   17591
   17295
   17598
   17498
   17528
   17516
   17613
   17806
   17636
   17625
   17425
   17553
   17459
   17215
   17394
   17450
   17383
   17464
   17547
   17469
   17421
   17303
   17451
   17323
   17184
   17210
   17252
   17326
   17348
   17305
   17284
   17273
   17135
   17224
   17263
   17242
   17221
   17239
   17358
   17092
   17266
   17055
   17231
   17220
   17083
   17161
   17111
   17139
   17119
   17106
   17145
   17236
   17032
   17141
   17139
   16917
   17032
   17058
   17028
   17220
   16926
   17130
   16965
   17213
   17172
   16924
   16897
   16832
   17034
   16847
   16963
   17130
   16897
   16849
   16803
   16748
   16935
   16945
   17002
   16854
   16980
   16503
   16875
   16989
   17095
   16994
   16622
   16659
   16664
   16592
   16889
   16924
   16844
   16646
   16688
   16723
   16664
   16828
   16687
   16800
   16662
   16692
   16730
   16726
   16786
   16759
   16820
   16964
   16809
   16584
   16633
   16736
   16683
   16636
   16472
   16737
   16679
   16681
   16661
   16710
   16485
   16632
   16500
   16734
   16643
   16742
   16599
   16615
   16751
   16450
   16537
   16731
   16447
   16636
   16557
   16574
   16653
   16325
   16448
   16747
   16519
   16586
   16574
   16373
   16562
   16535
   16613
   16460
   16342
   16645
   16574
   16296
   16561
   16398
   16303
   16587
   16594
   16279
   16416
   16403
   16205
   16324
   16248
   16397
   16359
   16440
   16409
   16304
   16353
   16176
   16162
   16424
   16448
   16395
   16287
   16293
   16382
   16222
   16396
   16266
   16268
   16097
   16300
   16348
   16141
   16322
   16238
   16219
   16124
   16046
   16147
   16143
   15982
   16154
   16041
   16091
   15989
   15911
   16180
   16113
   16321
   16277
   16262
   16144
   15991
   15945
   16016
   16174
   16086
   16067
   16133
   15962
   16316
   16222
   16064
   16134
   16127
   16185
   16098
   16023
   16071
   15987
   16184
   16093
   16083
   16036
   15775
   16138
   16310
   15915
   15971
   15890
   15879
   15887
   16042
   16028
   16074
   16087
   15939
   16008
   15935
   15912
   16048
   15862
   16115
   16029
   15783
   15587
   15973
   15911
   15776
   16111
   16095
   16005
   16020
   15809
   15794
   16010
   15969
   15645
   16090
   15956
   15986
   16109
   15804
   15766
   15665
   15853
   15877
   15872
   16008
   15929
   15916
   15665
   16027
   16033
   15863
   16055
   15866
   15889
   15856
   15992
   15768
   16198
   15703
   15817
   15779
   15852
   15871
   15844
   15696
   16201
   16049
   15858
   15842
   15996
   15800
   15756
   15813
   15808
   15975
   15593
   15801
   15885
   15760
   16019
   16137
   15954
   15974
   15799
   15935
   15823
   15810
   15967
   15755
   15658
   15798
   15877
   15818
   15825
   15847
   15993
   15644
   15900
   15786
   15668
   15854
   15691
   15772
   15770
   15713
   15655
   15596
   15711
   15424
   15784
   15617
   15840
   15825
   15742
   15571
   15804
   15767
   15956
   15648
   15825
   15599
   15678
   15981
   15803
   15798
   15733
   15770
   15661
   15912
   15873
   15660
   15727
   15746
   15582
   15833
   15811
   15772
   15672
   15785
   15627
   15533
   15704
   15696
   15718
   15616
   15737
   15640
   15618
   15645
   15698
   15576
   15629
   15515
   15675
   15830
   15671
   15775
   15618
   15822
   15611
   15563
   15837
   15328
   15425
   15850
   15665
   15638
   15809
   15362
   15792
   15626
   15453
   15620
   15693
   15729
   15644
   15574
   15601
   15789
   15735
   15679
   15426
   15644
   15556
   15805
   15581
   15719
   15605
   15638
   15729
   15762
   15730
   15643
   15541
   15592
   15733
   15595
   15761
   15280
   15566
   15699
   15641
   15616
   15718
   15577
   15458
   15622
   15572
   15600
   15847
   15589
   15394
   15768
   15513
   15559
   15571
   15533
   15670
   15544
   15422
   15579
   15416
   15617
   15261
   15511
   15465
   15447
   15512
   15474
   15572
   15407
   15532
   15593
   15594
   15449
   15412
   15404
   15717
   15752
   15453
   15314
   15451
   15730
   15636
   15561
   15699
   15533
   15637
   15515
   15480
   15600
   15392
   15469
   15642
   15391
   15751
   15408
   15532
   15599
   15451
   15469
   15696
   15515
   15514
   15556
   15458
   15501
   15577
   15376
   15487
   15291
   15218
   15361
   15358
   15439
   15550
   15425
   15286
   15410
   15468
   15280
   15371
   15343
   15356
   15302
   15474
   15377
   15353
   15500
   15366
   15574
   15211
   15173
   15331
   15435
   15390
   15356
   15261
   15239
   15199
   15331
   15203
   15384
   15307
   15148
   15177
   15272
   15371
   15398
   15442
   15398
   15241
   15253
   15236
   15168
   15191
   15193
   15062
   15067
   15208
   15291
   15101
   15098
   14981
   15176
   15046
   15128
   15256
   15073
   15097
   14956
   14903
   15003
   14848
   14905
   15077
   14841
   15035
   14894
   14820
   14915
   15081
   14973
   14943
   14913
   14794
   14907
   14944
   14777
   14902
   14842
   14708
   14635
   14630
   14727
   14382
   14568
   14863
   14567
   14743
   14590
   14705
   14599
   14510
   14513
   14371
   14687
   14792
   14614
   14559
   14698
   14209
   14612
   14506
   14257
   14157
   14116
   14053
   14315
   14383
   14274
   13945
   14063
   14068
   13947
   13955
   13967
   14005
   14105
   13725
   13752
   14111
   14045
   13634
   13896
   13768
   13757
   13416
   13612
   13805
   13405
   13666
   13663
   13616
   13393
   13592
   13490
   13289
   13210
   13364
   13074
   13080
   13158
   13054
   13070
   13193
   12972
   13044
   12963
   13074
   12919
   12777
   12804
   12649
   12674
   12547
   12600
   12615
   12496
   12578
   12707
   12395
   12250
   12334
   12078
   12294
   12141
   12276
   12119
   12013
   12196
   12089
   11921
   11974
   11909
   11741
   11537
   11742
   11588
   11734
   11642
   11542
   11325
   11383
   11303
   11346
   11311
   11183
   11214
   11130
   10930
   11038
   10982
   10740
   11003
   10884
   10799
   10732
   10515
   10822
   10765
   10404
   10491
   10564
   10389
   10173
   10371
   10197
   10204
   10028
   10108
   10089
    9981
   10110
    9924
    9987
    9752
    9808
    9845
    9801
    9826
    9541
    9561
    9497
    9381
    9595
    9353
    9218
    9442
    9301
    9278
    9218
    9294
    9182
    9044
    9035
    9097
    8943
    8976
    8823
    8918
    8784
    8757
    8767
    8862
    8572
    8708
    8627
    8757
    8568
    8624
    8539
    8687
    8429
    8434
    8555
    8362
    8284
    8172
    8272
    8213
    8224
    8032
    8078
    8017
    8017
    8088
    8163
    7910
    8008
    7777
    7910
    7788
    8080
    7646
    7795
    7569
    7722
    7657
    7682
    7687
    7520
    7672
    7532
    7657
    7557
    7544
    7322
    7460
    7413
    7462
    7472
    7443
    7319
    7453
    7360
    7258
    7380
    7292
    7245
    7266
    7086
    7176
    7028
    7164
    7037
    6916
    7123
    6925
    6985
    6998
    6845
    6952
    6835
    6869
    6774
    6904
    6707
    6728
    6794
    6855
    6794
    6799
    6511
    6611
    6558
    6832
    6680
    6656
    6668
    6541
    6755
    6636
    6522
    6490
    6599
    6382
    6404
    6308
    6431
    6427
    6458
    6412
    6447
    6467
    6464
    6496
    6402
    6504
    6407
    6301
    6367
    6297
    6289
    6129
    6239
    6153
    6196
    6189
    6179
    6234
    6053
    6025
    6211
    6178
    6143
    6282
    6055
    6123
    5989
    6101
    6092
    6088
    6126
    6041
    5941
    6042
    5887
    5958
    5866
    5895
    5854
    5807
    5884
    5747
    5784
    5849
    5781
    5895
    5973
    5728
    5848
    5698
    5701
    5737
    5685
    5654
    5756
    5663
    5666
    5730
    5576
    5724
    5608
    5613
    5665
    5752
    5497
    5545
    5597
    5556
    5764
    5519
    5570
    5509
    5645
    5520
    5419
    5390
    5383
    5443
    5489
    5397
    5355
    5523
    5358
    5575
    5460
    5412
    5393
    5462
    5277
    5239
    5400
    5372
    5298
    5182
    5287
    5230
    5201
    5272
    5200
    5197
    5076
    5218
    5158
    5109
    5140
    5147
    5179
    5268
    5227
    5029
    5021
    5139
    5072
    4997
    4945
    5132
    5024
    5204
    5139
    5104
    5172
    4970
    4941
    5138
    5063
    5085
    4985
    5021
    5145
    5015
    5049
    4919
    4978
    5032
    4913
    4896
    4862
    4799
    4860
    4912
    4933
    4881
    5032
    4905
    4891
    4962
    4869
    4918
    4905
    4942
    4836
    4791
    4776
    4796
    4782
    4725
    4847
    4708
    4789
    4684
    4740
    4652
    4787
    4613
    4780
    4712
    4702
    4931
    4690
    4740
    4685
    4841
    4540
    4631
    4755
    4668
    4668
    4693
    4655
    4583
    4599
    4565
    4573
    4615
    4653
    4490
    4664
    4641
    4660
    4536
    4496
    4649
    4515
    4547
    4625
    4602
    4444
    4556
    4491
    4536
    4538
    4491
    4626
    4442
    4552
    4642
    4530
    4551
    4496
    4506
    4525
    4492
    4604
    4568
    4539
    4568
    4524
    4300
    4519
    4352
    4507
    4439
    4491
    4379
    4457
    4440
    4585
    4525
    4519
    4407
    4542
    4467
    4452
    4362
    4441
    4438
    4604
    4444
    4430
    4395
    4454
    4562
    4474
    4584
    4334
    4353
    4497
    4410
    4505
    4533
    4517
    4535
    4525
    4419
    4415
    4487
    4541
    4451
    4469
    4550
    4418
    4555
    4558
    4597
    4546
    4622
    4615
    4587
    4485
    4538
    4616
    4589
    4597
    4577
    4593
    4716
    4573
    4716
    4639
    4689
    4609
    4798
    4740
    4790
    4881
    4777
    4799
    4792
    4919
    4959
    4869
    4895
    4866
    4956
    4936
    5061
    5093
    5151
    5127
    5072
    5140
    5128
    5101
    5224
    5244
    5233
    5316
    5355
    5250
    5317
    5212
    5386
    5522
    5575
    5439
    5631
    5661
    5644
    5670
    5813
    5965
    5777
    5882
    5847
    6017
    6025
    6046
    6173
    6191
    6350
    6346
    6463
    6514
    6364
    6551
    6571
    6603
    6751
    6731
    6953
    6994
    6863
    7184
    7234
    7087
    7468
    7452
    7568
    7607
    7750
    7746
    7772
    8108
    7990
    8233
    8428
    8562
    8290
    8604
    8759
    8768
    8867
    9065
    9165
    9351
    9436
    9609
    9725
    9924
    9885
   10058
   10070
   10412
   10561
   10568
   10967
   11227
   11324
   11376
   11285
   11602
   11968
   12027
   12205
   12387
   12850
   12795
   12782
   13170
   13357
   13570
   13578
   14006
   14232
   14417
   14690
   15094
   15048
   15369
   15560
   15902
   16095
   16275
   16663
   17075
   17054
   17405
   17826
   17954
   18565
   18482
   18876
   19349
   19727
   19849
   20278
   20701
   20989
   21305
   21565
   21972
   22121
   22551
   23039
   23324
   23672
   24158
   24410
   24664
   25115
   25409
   25827
   26552
   26893
   27235
   27510
   27891
   28400
   28612
   29417
   29692
   30351
   30490
   31133
   31464
   32065
   32305
   33125
   33287
   33598
   34550
   35060
   35545
   36284
   36632
   36785
   37761
   37951
   38750
   39038
   39608
   40264
   40663
   41485
   41871
   42140
   42636
   43542
   43980
   44418
   45378
   45573
   46441
   47215
   47680
   48316
   48548
   49150
   49605
   49785
   50956
   51749
   52430
   52736
   53593
   54433
   54438
   55485
   55805
   56512
   56935
   57564
   58651
   58963
   59644
   60272
   60289
   61789
   62157
   62682
   63280
   63947
   64313
   64906
   65911
   66175
   67225
   67881
   67536
   68807
   69331
   69883
   70631
   71223
   71457
   72738
   72865
   73515
   74055
   74338
   75271
   75214
   75503
   77050
   77103
   77652
   77733
   78651
   79339
   79468
   79547
   80520
   81400
   81280
   81662
   82385
   82894
   82671
   83617
   83383
   84866
   84726
   84665
   85423
   85519
   86150
   86642
   86211
   87542
   87086
   87765
   87691
   88285
   88114
   89095
   89026
   88996
   89159
   89263
   89678
   90101
   90243
   89913
   89912
   89816
   90636
   90431
   91074
   91153
   90131
   90442
   90697
   90917
   90271
   91214
   90755
   90806
   90917
   90568
   90122
   90807
   90518
   89641
   90242
   90163
   89700
   89651
   89302
   89229
   88966
   88568
   88386
   88404
   87807
   87873
   87615
   87214
   86762
   86805
   86740
   86072
   85544
   84766
   84583
   84168
   84039
   83329
   83128
   82429
   82250
   81917
   81746
   80426
   80995
   79837
   78899
   78741
   78301
   78202
   76882
   76624
   76226
   75298
   74275
   74514
   73793
   72867
   72018
   72141
   71350
   70855
   69689
   69485
   68777
   67857
   67393
   67195
   66423
   65802
   65261
   64171
   63780
   63110
   62431
   60915
   61339
   60365
   59775
   58418
   57780
   57638
   56786
   56069
   55650
   54967
   53961
   53499
   52885
   51890
   51585
   50775
   50332
   49701
   48899
   48099
   47367
   46496
   46093
   45220
   44724
   44277
   43652
   43293
   42431
   41593
   40945
   40710
   40069
   38961
   38158
   38007
   37179
   36813
   36622
   35309
   35040
   34311
   34000
   33271
   32962
   32247
   31640
   31338
   30499
   30122
   29581
   28947
   28384
   28016
   27223
   27017
   26563
   26058
   25573
   25396
   24924
   24086
   23886
   23505
   22900
   22680
   22117
   21576
   21317
   20736
   20597
   19750
   19791
   19348
   18954
   18566
   18414
   18284
   17641
   17113
   16876
   16579
   16348
   16199
   15588
   15577
   15096
   14778
   14505
   14183
   14008
   13761
   13399
   13269
   13098
   12710
   12309
   12417
   12030
   11711
   11617
   11305
   11122
   10893
   10813
   10731
   10476
   10128
    9862
    9916
    9666
    9514
    9551
    9152
    9113
    9065
    8849
    8600
    8650
    8413
    8365
    8087
    8229
    7768
    7883
    7763
    7454
    7480
    7245
    7266
    7027
    6962
    6935
    6777
    6656
    6647
    6528
    6366
    6382
    6336
    6157
    6154
    6080
    6065
    6009
    5651
    5825
    5707
    5771
    5722
    5621
    5520
    5456
    5331
    5271
    5311
    5266
    5166
    5240
    5257
    5056
    5061
    4979
    4900
    5056
    4907
    4821
    4928
    4731
    4733
    4752
    4703
    4786
    4752
    4538
    4737
    4530
    4533
    4519
    4451
    4510
    4401
    4504
    4455
    4432
    4358
    4408
    4398
    4454
    4367
    4357
    4316
    4310
    4319
    4142
    4299
    4291
    4253
    4188
    4229
    4235
    4168
    4145
    4195
    4120
    4115
    4166
    4119
    4184
    4176
    4090
    4076
    4091
    4052
    4056
    3982
    4016
    4038
    4110
    3999
    3907
    4002
    4030
    3905
    4057
    4099
    3970
    3863
    3870
    3929
    3917
    3864
    3945
    3940
    3818
    3937
    3960
    3901
    3766
    3870
    3816
    3891
    3753
    3921
    3853
    3801
    3880
    3812
    3734
    3769
    3805
    3753
    3734
    3739
    3827
    3810
    3671
    3786
    3708
    3819
    3737
    3574
    3565
    3731
    3740
    3798
    3648
    3711
    3622
    3611
    3657
    3715
    3642
    3717
    3668
    3703
    3658
    3593
    3635
    3520
    3702
    3624
    3740
    3543
    3668
    3704
    3519
    3622
    3672
    3665
    3647
    3614
    3480
    3555
    3638
    3654
    3535
    3453
    3546
    3575
    3621
    3516
    3571
    3466
    3519
    3508
    3450
    3459
    3568
    3455
    3504
    3507
    3521
    3522
    3513
    3597
    3496
    3483
    3517
    3444
    3494
    3409
    3425
    3452
    3455
    3574
    3399
    3392
    3433
    3268
    3386
    3467
    3475
    3353
    3347
    3439
    3417
    3428
    3423
    3335
    3403
    3392
    3326
    3307
    3283
    3226
    3409
    3407
    3318
    3327
    3384
    3276
    3344
    3323
    3416
    3479
    3336
    3220
    3302
    3273
    3344
    3319
    3176
    3352
    3347
    3272
    3268
    3371
    3295
    3236
    3213
    3266
    3287
    3324
    3299
    3315
    3161
    3150
    3214
    3374
    3197
    3245
    3210
    3129
    3282
    3282
    3282
    3219
    3267
    3244
    3204
    3219
    3258
    3174
    3226
    3146
    3238
    3208
    3287
    3275
    3165
    3165
    3240
    3190
    3182
    3144
    3174
    3121
    3230
    3215
    3159
    3184
    3169
    3089
    3185
    3187
    3188
    3130
    3167
    3164
    3158
    3099
    3137
    3057
    3036
    3228
    3069
    3102
    3117
    3070
    3032
    3055
    3082
    3061
    3100
    3149
    3084
    3159
    3195
    3138
    3107
    3090
    3134
    3037
    3188
    3079
    3260
    3071
    3045
    3201
    3143
    3024
    3046
    3155
    3097
    3029
    3028
    3116
    3129
    3075
    2981
    3104
    3053
    2999
    3077
    3098
    3048
    3089
    3056
    3201
    3122
    3064
    3027
    3106
    3062
    3002
    3042
    3113
    3125
    3013
    3104
    3111
    3073
    3042
    3024
    3032
    3008
    3052
    3052
    3055
    3142
    3036
    3011
    3150
    3142
    3051
    3182
    3050
    3121
    3051
    3084
    3097
    3044
    3161
    3074
    3037
    3093
    3093
    3125
    3043
    3045
    3035
    3088
    3124
    3116
    3020
    2975
    3029
    3131
    3178
    3098
    3034
    3073
    3171
    3078
    3079
    3106
    3066
    3091
    3043
    3088
    3145
    3072
    3058
    3031
    3048
    3071
    3184
    3061
    3012
    3139
    3064
    3090
    3109
    3157
    3128
    3067
    3151
    3093
    3087
    3036
    2972
    3054
    3104
    2883
    3077
    3114
    3020
    3189
    3078
    3156
    2968
    3152
    3141
    3123
    3048
    3062
    3091
    3083
    3028
    3064
    3063
    3113
    3168
    3020
    3167
    3123
    3085
    3136
    3036
    3112
    3091
    3013
    3079
    3093
    3091
    3076
    3038
    3144
    3074
    3120
    3071
    3109
    3015
    3000
    3181
    3146
    3044
    3161
    3105
    3065
    3191
    3006
    3052
    3032
    3089
    3175
    3000
    3026
    3034
    3096
    2994
    3061
    3088
    3046
    3101
    3064
    3106
    3077
    3122
    3082
    3071
    3055
    2997
    3094
    3132
    3082
    3031
    3031
    3054
    3025
    3059
    3023
    3051
    2990
    3067
    2993
    3050
    3088
    3090
    3104
    3102
    3016
    3059
    3065
    2999
    3065
    2992
    3118
    3020
    3048
    3014
    3041
    2992
    3105
    2975
    3003
    3086
    2963
    2989
    3050
    2907
    2938
    2961
    3033
    2972
    3128
    2976
    2992
    3014
    3011
    2939
    3015
    3001
    3005
    2869
    3060
    2964
    3099
    3005
    2930
    3047
    2945
    2902
    2957
    2989
    2998
    2947
    3089
    2923
    3081
    3043
    3006
    2978
    2887
    2956
    2810
    2889
    2923
    2978
    2888
    2911
    3042
    3005
    2948
    2970
    2921
    2913
    2941
    2982
    2996
    2924
    2961
    2975
    2947
    2962
    2987
    2925
    2893
    2878
    2906
    2865
    2891
    2904
    2848
    2975
    2858
    2830
    2845
    2825
    2821
    2826
    2849
    2778
    2821
    2834
    2807
    2866
    2795
    2886
    2883
    2705
    2890
    2871
    2857
    2870
    2850
    2841
    2772
    2674
    2793
    2813
    2883
    2794
    2731
    2829
    2674
    2838
    2856
    2769
    2816
    2830
    2793
    2663
    2755
    2749
    2674
    2742
    2721
    2669
    2789
    2695
    2774
    2771
    2768
    2725
    2739
    2691
    2754
    2749
    2693
    2772
    2672
    2735
    2724
    2687
    2602
    2750
    2687
    2707
    2725
    2641
    2700
    2675
    2598
    2687
    2783
    2707
    2625
    2654
    2748
    2691
    2683
    2670
    2647
    2636
    2666
    2644
    2707
    2622
    2627
    2577
    2609
    2649
    2702
    2607
    2565
    2693
    2584
    2622
    2650
    2612
    2691
    2647
    2592
    2606
    2568
    2590
    2604
    2631
    2544
    2575
    2592
    2594
    2566
    2508
    2551
    2571
    2512
    2510
    2414
    2552
    2530
    2613
    2615
    2491
    2531
    2550
    2478
    2591
    2626
    2591
    2549
    2448
    2491
    2561
    2501
    2538
    2423
    2472
    2514
    2436
    2400
    2528
    2601
    2360
    2463
    2506
    2507
    2407
    2432
    2449
    2426
    2340
    2459
    2534
    2460
    2460
    2486
    2380
    2476
    2370
    2463
    2399
    2427
    2463
    2409
    2413
    2353
    2369
    2374
    2395
    2358
    2402
    2486
    2323
    2326
    2411
    2272
    2450
    2437
    2437
    2285
    2344
    2405
    2397
    2324
    2330
    2421
    2347
    2384
    2305
    2360
    2348
    2320
    2294
    2367
    2292
    2295
    2266
    2381
    2307
    2293
    2333
    2211
    2356
    2291
    2270
    2218
    2323
    2300
    2303
    2401
    2298
    2261
    2399
    2330
    2287
    2220
    2253
    2230
    2297
    2232
    2306
    2287
    2281
    2274
    2219
    2319
    2173
    2288
    2234
    2276
    2289
    2200
    2282
    2171
    2194
    2276
    2259
    2225
    2236
    2208
    2172
    2191
    2186
    2178
    2156
    2186
    2263
    2207
    2155
    2164
    2151
    2256
    2227
    2270
    2266
    2165
    2294
    2241
    2193
    2235
    2152
    2203
    2152
    2174
    2160
    2147
    2205
    2148
    2298
    2196
    2118
    2241
    2122
    2211
    2111
    2176
    2065
    2119
    2110
    2156
    2182
    2187
    2158
    2083
    2119
    2109
    2250
    2151
    2153
    2101
    2081
    2131
    2070
    2132
    2114
    2140
    2148
    2023
    2062
    2132
    2115
    2080
    2140
    2043
    2052
    2133
    2114
    2023
    2156
    2024
    2125
    2063
    2080
    2073
    2055
    2098
    2067
    2009
    2082
    2081
    2108
    2059
    2057
    2028
    2090
    2032
    2113
    1992
    1990
    2066
    2054
    1986
    2033
    2045
    1978
    2008
    2039
    2001
    1954
    2002
    2129
    1952
    2034
    1945
    2111
    2114
    2005
    2005
    1983
    2027
    1964
    1938
    1988
    2037
    2014
    2004
    2010
    2001
    2030
    1978
    2012
    1966
    1952
    1954
    2040
    2058
    1950
    2032
    1882
    1986
    2006
    1997
    1952
    1980
    2023
    1953
    1950
    2072
    1905
    1946
    1968
    1975
    1947
    1858
    1941
    1921
    1961
    2006
    1863
    2002
    1857
    1906
    1897
    1939
    1952
    1960
    1950
    1860
    1895
    1842
    1987
    1866
    1952
    1832
    1938
    1815
    1902
    1758
    1900
    1889
    1910
    1850
    1950
    1808
    1917
    1851
    1925
    1925
    1893
    1837
    1771
    1955
    1854
    1851
    1990
    1832
    1805
    1876
    1892
    1946
    1863
    1890
    1879
    1854
    1864
    1838
    1841
    1855
    1726
    1800
    1821
    1841
    1908
    1859
    1832
    1827
    1878
    1837
    1844
    1818
    1801
    1852
    1825
    1916
    1855
    1706
    1731
    1783
    1822
    1818
    1840
    1803
    1865
    1860
    1824
    1854
    1818
    1851
    1803
    1803
    1787
    1797
    1813
    1740
    1798
    1824
    1708
    1793
    1771
    1704
    1803
    1774
    1851
    1778
    1812
    1868
    1731
    1807
    1701
    1743
    1793
    1719
    1830
    1800
    1707
    1799
    1842
    1751
    1764
    1833
    1836
    1849
    1770
    1712
    1732
    1789
    1740
    1655
    1755
    1784
    1766
    1786
    1758
    1727
    1750
    1802
    1763
    1710
    1759
    1707
    1651
    1714
    1825
    1779
    1751
    1721
    1634
    1669
    1657
    1737
    1701
    1657
    1716
    1708
    1722
    1720
    1741
    1698
    1661
    1685
    1734
    1672
    1705
    1649
    1683
    1760
    1670
    1669
    1694
    1661
    1684
    1653
    1716
    1652
    1639
    1682
    1698
    1722
    1676
    1653
    1739
    1698
    1641
    1636
    1688
    1653
    1676
    1681
    1557
    1632
    1536
    1708
    1672
    1576
    1700
    1717
    1736
    1674
    1617
    1609
    1529
    1603
    1633
    1719
    1625
    1676
    1617
    1614
    1651
    1728
    1643
    1631
    1670
    1659
    1623
    1642
    1594
    1583
    1588
    1728
    1675
    1620
    1689
    1588
    1592
    1636
    1583
    1571
    1609
    1533
    1582
    1605
    1588
    1611
    1602
    1695
    1617
    1518
    1554
    1641
    1655
    1580
    1550
    1593
    1603
    1621
    1611
    1585
    1550
    1505
    1583
    1575
    1546
    1580
    1537
    1566
    1634
    1563
    1591
    1564
    1559
    1569
    1495
    1474
    1596
    1586
    1586
    1516
    1584
    1563
    1478
    1581
    1498
    1560
    1579
    1588
    1554
    1578
    1574
    1562
    1574
    1565
    1541
    1525
    1530
    1495
    1517
    1515
    1515
    1484
    1567
    1486
    1511
    1422
    1507
    1524
    1452
    1443
    1527
    1485
    1497
    1566
    1527
    1487
    1517
    1511
    1549
    1513
    1496
    1525
    1533
    1514
    1587
    1511
    1416
    1446
    1527
    1594
    1415
    1476
    1411
    1454
    1477
    1419
    1465
    1461
    1451
    1425
    1453
    1501
    1467
    1435
    1501
    1458
    1449
    1440
    1502
    1506
    1476
    1537
    1481
    1406
    1433
    1478
    1532
    1382
    1462
    1470
    1456
    1485
    1425
    1472
    1523
    1441
    1442
    1419
    1392
    1447
    1426
    1402
    1408
    1398
    1419
    1489
    1472
    1374
    1484
    1408
    1379
    1390
    1484
    1418
    1294
    1447
    1339
    1383
    1382
    1352
    1430
    1429
    1393
    1361
    1450
    1372
    1383
    1399
    1422
    1420
    1399
    1437
    1376
    1375
    1336
    1360
    1364
    1341
    1430
    1445
    1329
    1439
    1344
    1431
    1351
    1378
    1344
    1370
    1342
    1394
    1341
    1369
    1361
    1338
    1347
    1450
    1342
    1339
    1332
    1396
    1376
    1350
    1292
    1357
    1385
    1350
    1347
    1323
    1370
    1372
    1387
    1352
    1386
    1353
    1303
    1389
    1329
    1403
    1296
    1384
    1267
    1347
    1289
    1293
    1266
    1253
    1303
    1340
    1412
    1309
    1327
    1327
    1261
    1322
    1308
    1288
    1262
    1351
    1272
    1359
    1323
    1323
    1308
    1303
    1294
    1343
    1280
    1376
    1251
    1269
    1262
    1258
    1294
    1283
    1355
    1249
    1242
    1205
    1326
    1263
    1298
    1299
    1299
    1300
    1302
    1279
    1343
    1191
    1242
    1303
    1323
    1288
    1300
    1223
    1208
    1249
    1213
    1243
    1257
    1266
    1269
    1238
    1200
    1285
    1247
    1259
    1250
    1246
    1289
    1263
    1269
    1221
    1203
    1265
    1196
    1211
    1257
    1153
    1232
    1221
    1285
    1221
    1212
    1230
    1237
    1228
    1151
    1241
    1203
    1216
    1182
    1181
    1138
    1211
    1173
    1183
    1240
    1264
    1166
    1183
    1167
    1187
    1176
    1216
    1218
    1213
    1164
    1192
    1206
    1201
    1195
    1179
    1152
    1110
    1167
    1177
    1144
    1126
    1116
    1133
    1110
    1156
    1199
    1166
    1126
    1144
    1140
    1167
    1127
    1189
    1188
    1117
    1154
    1165
    1154
    1121
    1135
    1111
    1140
    1157
    1135
    1140
    1157
    1116
    1138
    1158
    1168
    1148
    1113
    1152
    1074
    1105
    1113
    1090
    1099
    1124
    1128
    1095
    1161
    1162
    1086
    1124
    1115
    1077
    1041
    1129
    1084
    1108
    1131
    1025
    1089
    1058
    1044
    1057
    1065
    1097
    1044
     988
    1053
    1063
    1063
    1046
    1119
    1047
    1023
    1055
    1058
    1054
    1057
    1084
    1049
    1053
    1074
    1073
    1053
    1065
    1074
     992
    1085
    1017
    1024
    1075
    1067
    1061
    1018
    1043
    1040
    1066
    1008
    1025
    1042
    1023
     992
    1026
    1049
    1044
    1021
     984
    1065
     990
    1033
     989
    1033
     965
    1034
     981
    1017
    1036
    1075
    1113
    1020
    1026
     992
    1080
     965
    1015
    1012
     968
     991
    1002
     973
    1047
    1082
    1033
    1023
    1063
     983
     985
     976
     983
     974
    1003
     982
     980
     925
     992
     939
     927
     963
    1036
     934
     986
     947
     981
    1000
     964
     955
     970
     951
     950
     977
     988
     964
     936
     953
     927
     943
     987
    1007
     980
     963
     962
     989
     938
     984
     949
     983
    1000
     979
     968
     956
    1008
     977
     918
     933
     949
     896
     914
     945
     951
     943
     940
     908
     920
     933
     917
     985
     946
     960
     979
     986
     924
     914
     953
     927
     900
     967
     949
     921
     921
     907
     907
     901
     953
     922
     899
     966
     950
     923
     912
     979
     935
     929
     927
     938
     963
     963
     960
     907
     952
     929
     920
     929
     908
     975
     944
     934
     890
     967
     926
     923
     891
     889
     938
     911
     943
     951
     891
     889
     944
     893
     928
     870
     949
     915
     912
     945
     913
     903
     936
     908
     945
     940
     907
     933
     902
     919
     913
     899
     870
     920
     856
     863
     904
     896
     878
     897
     899
     926
     929
     887
     919
     862
     888
     922
     896
     923
     903
     910
     891
     863
     875
     886
     900
     819
     872
     882
     886
     885
     930
     903
     904
     901
     898
     942
     865
     838
     860
     888
     924
     857
     882
     875
     888
     833
     867
     903
     876
     943
     885
     879
     917
     854
     891
     890
     884
     897
     905
     862
     876
     875
     897
     861
     825
     890
     909
     887
     885
     876
     853
     879
     912
     936
     912
     937
     925
     884
     924
     921
     865
     868
     866
     904
     921
     915
     903
     936
     865
     912
     916
     907
     883
     857
     882
     851
     847
     891
     884
     893
     901
     857
     832
     875
     920
     943
     891
     919
     897
     899
     903
     908
     889
     958
     898
     886
     944
     875
     926
     871
     907
     899
     891
     922
     910
     940
     940
     883
     852
     926
     912
     933
     880
     873
     942
     900
     851
     868
     845
     919
     887
     910
     896
     885
     911
     946
    1000
     876
     904
     897
     963
     914
     871
     890
     895
     875
     906
     878
     858
     903
     883
     934
     905
     908
     899
     917
     954
     831
     924
     902
     855
     941
     819
     920
     878
     937
     859
     917
     925
     869
     875
     894
     889
     891
     928
     929
     929
     936
     895
     884
     898
     942
     947
     914
     926
     920
     992
     908
     888
     931
     927
     929
     932
     916
     941
     953
     951
     939
     921
     904
     930
     929
     877
     961
     952
     906
     935
     929
     921
    1001
     989
     942
     970
     937
     930
     939
     972
     991
     899
     941
     972
     899
     942
     918
     976
     926
     964
    1002
     912
    1002
     916
     993
     970
     936
     966
     991
     935
     909
     955
     983
     943
     945
     994
    1005
     948
     974
     944
     976
    1006
     969
     981
     948
     988
     982
    1012
     976
     993
     970
    1038
     976
     993
     967
     950
    1003
     990
     977
    1028
     988
    1024
     991
    1012
     967
    1041
     931
     992
    1001
     984
    1011
    1030
     983
    1040
     991
    1044
    1002
    1033
     996
    1011
     976
    1053
     979
    1024
    1064
    1072
    1000
    1026
    1074
    1053
    1046
    1022
    1066
    1078
    1022
    1054
    1025
    1038
    1092
    1033
    1064
    1066
    1076
    1064
    1005
    1076
    1025
    1042
    1087
    1047
    1050
    1049
    1075
    1115
    1082
    1042
    1107
    1074
    1027
    1032
     990
    1104
    1091
    1092
    1076
    1107
    1136
    1073
    1035
    1117
    1085
    1090
    1121
    1151
    1089
    1084
    1053
    1075
    1009
    1095
    1065
    1117
    1068
    1126
    1146
    1130
    1128
    1060
    1159
    1126
    1119
    1058
    1126
    1119
    1174
    1140
    1176
    1116
    1162
    1175
    1169
    1109
    1096
    1095
    1129
    1167
    1133
    1193
    1140
    1108
    1107
    1074
    1162
    1205
    1145
    1102
    1102
    1196
    1207
    1145
    1164
    1150
    1157
    1190
    1227
    1124
    1186
    1155
    1165
    1173
    1233
    1153
    1134
    1169
    1174
    1128
    1212
    1149
    1200
    1187
    1191
    1154
    1125
    1245
    1186
    1244
    1211
    1213
    1143
    1222
    1201
    1212
    1235
    1222
    1173
    1200
    1217
    1192
    1167
    1218
    1202
    1235
    1209
    1218
    1170
    1200
    1270
    1234
    1202
    1182
    1210
    1179
    1118
    1205
    1208
    1222
    1208
    1197
    1153
    1250
    1197
    1220
    1211
    1237
    1205
    1197
    1237
    1225
    1231
    1168
    1192
    1278
    1243
    1210
    1211
    1253
    1180
    1193
    1222
    1194
    1169
    1204
    1132
    1224
    1224
    1147
    1248
    1189
    1176
    1208
    1183
    1185
    1176
    1193
    1252
    1200
    1142
    1194
    1153
    1186
    1207
    1246
    1190
    1147
    1166
    1212
    1157
    1107
    1183
    1174
    1108
    1085
    1196
    1173
    1147
    1150
    1137
    1135
    1116
    1216
    1122
    1119
    1145
    1150
    1077
    1191
    1104
    1158
    1164
    1066
    1135
    1111
    1100
    1046
    1076
    1103
    1136
    1095
    1083
    1092
    1090
    1063
    1152
    1108
    1063
    1033
    1093
    1071
    1061
    1070
    1100
    1013
    1078
    1063
    1039
    1097
    1048
    1021
    1015
    1044
     989
     977
     973
    1053
     985
    1003
     928
    1012
    1009
     958
     943
    1005
     994
     988
     985
     963
     964
     953
     944
    1011
     986
     943
     943
     905
     911
     929
     891
     899
     902
     911
     863
     825
     873
     928
     880
     903
     910
     879
     847
     838
     870
     868
     893
     807
     827
     772
     839
     810
     808
     807
     776
     740
     789
     803
     771
     804
     819
     770
     745
     778
     724
     724
     756
     747
     759
     745
     755
     754
     732
     642
     786
     713
     695
     747
     690
     660
     683
     668
     685
     651
     660
     719
     675
     645
     647
     650
     651
     650
     627
     657
     610
     584
     639
     594
     637
     574
     582
     607
     576
     559
     572
     584
     547
     581
     538
     583
     562
     529
     493
     520
     561
     532
     543
     533
     533
     525
     472
     492
     504
     476
     543
     496
     486
     482
     496
     472
     499
     491
     495
     473
     466
     436
     478
     427
     469
     455
     437
     434
     445
     437
     421
     417
     463
     408
     407
     437
     405
     418
     401
     418
     405
     387
     415
     418
     409
     389
     352
     376
     369
     353
     361
     356
     364
     357
     366
     355
     377
     338
     360
     313
     352
     335
     319
     348
     329
     320
     309
     304
     314
     296
     299
     297
     337
     277
     314
     297
     318
     297
     273
     288
     338
     282
     260
     276
     279
     274
     277
     269
     271
     316
     299
     286
     276
     257
     290
     292
     278
     258
     278
     263
     257
     259
     278
     234
     240
     263
     241
     246
     227
     260
     241
     238
     235
     246
     219
     225
     229
     245
     238
     224
     234
     229
     229
     207
     224
     224
     229
     202
     224
     209
     188
     217
     216
     192
     235
     233
     215
     227
     202
     204
     193
     179
     200
     198
     195
     186
     181
     237
     189
     192
     212
     192
     171
     192
     211
     200
     200
     221
     193
     184
     207
     203
     183
     186
     194
     203
     158
     203
     181
     187
     176
     182
     214
     182
     174
     192
     192
     171
     180
     182
     190
     188
     185
     177
     195
     178
     170
     171
     174
     188
     191
     184
     158
     171
     180
     156
     166
     173
     192
     194
     187
     175
     177
     168
     170
     161
     165
     149
     190
     157
     161
     172
     182
     192
     179
     173
     148
     169
     153
     150
     170
     185
     179
     193
     170
     183
     163
     143
     157
     150
     167
     164
     146
     156
     149
     148
     168
     148
     185
     163
     171
     165
     151
     156
     187
     150
     168
     170
     141
     144
     156
     162
     157
     172
     176
     157
     143
     151
     141
     162
     167
     143
     155
     168
     154
     185
     146
     142
     154
     139
     164
     142
     144
     156
     133
     171
     127
     151
     166
     147
     134
     142
     144
     159
     159
     160
     156
     181
     157
     145
     143
     165
     169
     148
     162
     148
     163
     153
     137
     147
     170
     169
     150
     139
     155
     147
     137
     157
     124
     127
     148
     140
     154
     132
     139
     140
     130
     161
     133
     142
     138
     137
     158
     152
     124
     146
     148
     132
     131
     159
     157
     143
     145
     141
     140
     149
      98
     154
     152
     134
     152
     146
     127
     130
     135
     124
     160
     137
     134
     143
     144
     145
     146
     125
     144
     153
     155
     139
     132
     142
     115
     131
     123
     141
     149
     126
     148
     145
     152
     131
     130
     117
     149
     131
     134
     137
     142
     139
     147
     145
     151
     126
     125
     151
     121
     138
     139
     139
     120
     148
     128
     145
     115
     104
     142
     128
     127
     125
     124
     130
     119
     131
     143
     140
     134
     152
     118
     120
     119
     140
     122
     111
     116
     137
     135
     112
     124
     118
     140
     121
     134
     129
     136
     142
     138
     118
     124
     125
     122
     135
     138
     155
     131
     116
     115
     135
     109
     127
     128
     111
     132
     124
     119
     124
     138
     127
     126
     129
     121
     129
     147
     108
     132
     123
     132
     100
     121
     136
     125
     112
     113
     136
     114
     119
     127
     116
     112
     122
     132
     119
     126
     118
     152
     113
     119
     113
     108
     116
     100
     133
     110
     121
     136
     118
     118
     107
     136
     118
     115
     124
     119
     120
     112
     114
     108
     145
     122
     127
     121
     118
     118
     124
     128
     126
     124
     111
     138
     144
     117
     116
     126
     128
     124
     130
     117
     116
     131
     106
     105
     113
     124
     105
     112
     110
     106
     118
     124
     108
     108
     116
     120
     140
     109
     107
     114
     135
     127
     115
     107
     114
     105
     119
     107
     134
     102
     110
     105
     123
     119
      82
     109
     111
     100
     111
     117
     111
      94
     117
     116
      99
     124
     138
     123
     119
     120
     103
     107
     114
     131
     113
     125
     122
     116
     109
     112
     119
     103
     128
     109
     108
      99
     102
     106
     117
     109
     101
      98
     108
      98
      95
     115
      99
      93
     106
      95
     108
     108
     107
     103
     102
      96
     109
     114
      96
      89
     115
      84
      98
     111
     114
     109
     103
      98
     108
      89
      78
      96
     117
     101
      84
     104
     115
     100
      94
      88
      99
     125
      95
     108
     109
     100
     116
     115
      94
     114
     105
     107
      95
     118
      95
     119
     100
     100
     113
     101
      85
      88
      93
     108
     108
     108
      90
      96
      87
     118
     102
     102
     100
      89
     110
      88
     100
      99
     112
     104
     115
      93
     106
     102
     115
     111
     105
     102
      96
      86
      92
      96
     101
      83
      81
     110
     109
      94
      90
      97
     103
      98
      81
     108
     101
      98
      95
     115
      94
     123
      94
      77
     104
      92
      89
      79
      93
      89
     100
      89
      83
      93
      93
     103
      96
      81
      82
      99
      98
      99
     100
      90
      90
      96
      82
      72
      72
      98
     105
      85
      83
     106
      94
      90
      99
     104
      86
      92
      79
      93
      95
      73
      95
      92
      98
      80
      84
      85
      98
      75
     110
     100
     103
      93
      81
      89
     106
      71
     103
      85
      82
     100
      88
      73
     104
      84
      89
      75
      86
      88
     107
      85
      94
      83
      89
      84
      85
      90
     106
      95
      93
      86
      87
      88
      72
      87
      79
      76
      69
      81
      95
      75
      83
      87
      85
      84
      89
      74
      79
      88
      81
      86
      87
      92
      70
      66
      76
      92
      57
      89
      73
      86
      82
      90
      72
      90
      78
      72
      69
      71
      71
      92
      92
      95
      70
      82
      68
      84
      77
      76
      88
      92
      92
      85
      67
      80
      58
      83
      86
      79
      78
      72
      71
      92
      74
      59
      80
      61
      85
      88
      89
      76
      67
      69
      75
      74
      70
      64
      84
      78
      89
      76
      80
      69
      65
      81
      78
      69
      66
      80
      73
      88
      72
      61
      76
      70
      82
      83
      75
      66
      72
      91
      82
      62
      67
      77
      79
      64
      65
      63
      67
      66
      82
      74
      82
      79
      65
      68
      55
      71
      63
      51
      56
      83
      77
      62
      58
      81
      80
      68
      74
      82
      81
      72
      70
      76
      72
      60
      54
      66
      68
      75
      66
      77
      83
      69
      64
      67
      81
      64
      70
      64
      77
      62
      79
      67
      76
      57
      84
      65
      70
      62
      66
      66
      56
      64
      68
      67
      74
      54
      78
      65
      74
      62
      64
      71
      64
      69
      75
      61
      58
      67
      55
      61
      64
      62
      78
      54
      64
      59
      65
      76
      55
      66
      76
      70
      67
      69
      71
      56
      58
      47
      69
      60
      56
      82
      58
      64
      58
      73
      66
      53
      64
      67
      65
      57
      59
      60
      63
      67
      56
      67
      66
      63
      73
      72
      67
      59
      70
      68
      72
      62
      56
      67
      56
      50
      57
      57
      69
      76
      74
      62
      61
      72
      56
      61
      74
      54
      54
      87
      57
      52
      61
      54
      69
      67
      64
      56
      57
      51
      53
      70
      74
      71
      60
      63
      63
      61
      69
      59
      62
      59
      40
      67
      59
      58
      63
      59
      65
      59
      56
      51
      58
      52
      61
      61
      52
      59
      60
      80
      65
      55
      59
      51
      56
      56
      46
      52
      72
      68
      70
      51
      80
      54
      49
      65
      60
      65
      44
      55
      64
      58
      53
      62
      61
      55
      64
      64
      57
      58
      62
      61
      64
      54
      59
      42
      59
      49
      54
      57
      45
      68
      48
      58
      56
      52
      46
      56
      35
      57
      59
      48
      58
      50
      64
      64
      64
      59
      45
      53
      64
      55
      55
      65
      55
      41
      62
      58
      49
      65
      74
      49
      59
      63
      65
      63
      60
      62
      61
      50
      61
      65
      51
      45
      46
      45
      54
      48
      47
      50
      69
      54
      51
      68
      48
      46
      46
      54
      63
      64
      49
      44
      59
      52
      49
      55
      56
      58
      51
      47
      47
      58
      66
      47
      43
      52
      47
      49
      60
      52
      61
      47
      45
      50
      54
      56
      70
      52
      37
      33
      56
      42
      47
      51
      56
      48
      53
      45
      43
      42
      59
      48
      65
      59
      47
      44
      47
      43
      40
      39
      36
      50
      48
      58
      49
      54
      48
      51
      46
      55
      62
      42
      43
      41
      48
      40
      51
      57
      57
      50
      54
      46
      49
      38
      47
      49
      51
      37
      49
      41
      62
      57
      54
      46
      49
      50
      46
      53
      54
      55
      40
      50
      34
      35
      42
      36
      61
      56
      45
      43
      43
      51
      47
      49
      55
      44
      58
      41
      50
      46
      45
      50
      46
      51
      47
      44
      40
      53
      54
      37
      52
      37
      59
      52
      43
      42
      42
      53
      34
      57
      41
      39
      38
      51
      49
      62
      42
      32
      49
      42
      32
      34
      50
      42
      39
      51
      39
      44
      48
      47
      42
      53
      40
      38
      45
      41
      46
      44
      46
      33
      40
      41
      55
      40
      60
      40
      52
      43
      38
      39
      48
      32
      46
      32
      46
      45
      50
      51
      53
      35
      35
      43
      33
      44
      46
      44
      44
      47
      57
      42
      34
      51
      37
      33
      42
      36
      47
      45
      45
      48
      46
      37
      52
      40
      36
      37
      45
      34
      52
      32
      48
      25
      42
      31
      40
      44
      28
      44
      32
      38
      42
      36
      59
      47
      35
      39
      47
      32
      44
      39
      37
      34
      40
      42
      45
      33
      39
      46
      35
      39
      35
      34
      28
      41
      35
      30
      41
      46
      33
      37
      44
      41
      35
      38
      45
      36
      38
      37
      50
      28
      32
      36
      32
      39
      39
      47
      40
      54
      34
      41
      27
      37
      43
      50
      46
      45
      43
      39
      30
      53
      27
      45
      42
      34
      33
      50
      52
      30
      34
      40
      26
      53
      37
      31
      33
      42
      42
      43
      37
      26
      27
      40
      47
      41
      33
      34
      34
      32
      39
      27
      44
      39
      39
      30
      44
      29
      30
      42
      26
      43
      25
      38
      49
      39
      36
      37
      42
      33
      43
      31
      35
      30
      43
      32
      27
      44
      33
      34
      33
      36
      33
      25
      34
      30
      41
      38
      33
      38
      30
      25
      33
      34
      43
      40
      41
      36
      38
      37
      32
      29
      28
      35
      23
      39
      34
      34
      18
      25
      26
      46
      32
      25
      30
      30
      34
      35
      35
      23
      29
      35
      28
      43
      29
      23
      27
      30
      30
      32
      35
      23
      30
      27
      46
      36
      37
      36
      31
      41
      32
      27
      29
      29
      24
      32
      30
      39
      25
      32
      24
      24
      21
      38
      35
      33
      33
      32
      25
      33
      32
      29
      44
      36
      28
      24
      31
      40
      33
      35
      25
      31
      31
      27
      26
      28
      25
      24
      29
      38
      26
      43
      30
      31
      30
      36
      23
      37
      32
      34
      37
      24
      30
      25
      35
      29
      29
      28
      28
      28
      29
      23
      31
      31
      18
      33
      33
      30
      35
      30
      32
      34
      22
      26
      29
      35
      25
      28
      28
      29
      31
      26
      22
      38
      34
      29
      27
      36
      24
      30
      26
      27
      33
      21
      24
      26
      26
      39
      30
      21
      23
      36
      27
      37
      39
      27
      25
      24
      31
      34
      21
      31
      29
      22
      21
      21
      35
      28
      31
      31
      30
      29
      29
      41
      29
      28
      26
      25
      33
      23
      30
      23
      33
      29
      25
      23
      26
      29
      30
      24
      27
      33
      26
      30
      20
      34
      24
      31
      30
      23
      31
      25
      20
      25
      30
      20
      32
      28
      32
      27
      30
      24
      14
      31
      31
      31
      30
      16
      26
      27
      22
      25
      22
      25
      25
      29
      16
      25
      31
      25
      22
      28
      30
      24
      20
      36
      24
      20
      24
      24
      19
      21
      22
      27
      35
      28
      24
      25
      29
      19
      22
      18
      21
      27
      29
      21
      23
      32
      20
      23
      32
      24
      23
      32
      17
      16
      32
      19
      25
      24
      20
      24
      20
      25
      23
      26
      22
      22
      30
      31
      25
      15
      30
      20
      26
      30
      23
      28
      14
      32
      21
      14
      30
      24
      25
      19
      23
      36
      36
      35
      16
      21
      21
      22
      24
      25
      16
      31
      24
      22
      22
      25
      29
      19
      25
      23
      21
      26
      20
      23
      21
      27
      27
      26
      30
      29
      29
      28
      22
      29
      24
      19
      24
      21
      18
      29
      25
      17
      13
      16
      18
      21
      26
      29
      30
      27
      23
      26
      23
      20
      19
      23
      24
      20
      20
      21
      20
      29
      21
      22
      25
      16
      30
      15
      28
      21
      22
      27
      27
      18
      26
      20
      26
      24
      22
      18
      16
      14
      26
      23
      25
      23
      26
      25
      28
      22
      28
      25
      23
      19
      22
      23
      24
      25
      23
      19
      21
      22
      11
      25
      22
      23
      25
      24
      22
      23
      22
      23
      20
      21
      17
      15
      17
      23
      26
      24
      24
      20
      16
      32
      13
      22
      18
      25
      17
      25
      28
      26
      20
      22
      19
      16
      24
      23
      15
      24
      20
      19
      20
      18
      24
      25
      18
      25
      13
      21
      23
      14
      18
      17
      18
      26
      28
      23
      18
      18
      18
      19
      17
      24
      21
      16
      23
      15
      26
      27
      24
      11
      24
      21
      28
      21
      17
      25
      21
      30
      21
      22
      24
      20
      18
      16
      19
      21
      17
      21
      15
      25
      25
      18
      19
      16
      29
      23
      19
      26
      21
      16
      19
      22
      21
      20
      21
      31
      19
      17
      23
      16
      18
      19
      24
      15
      18
      17
      16
      21
      18
      28
      15
      18
      21
      16
      16
      31
      19
      14
      14
      19
      24
      20
      21
      14
      22
      20
      19
      27
      29
      21
      22
      24
      13
      17
      22
      11
      23
      24
      14
      25
      19
      23
      19
      29
      14
      18
      17
      25
      15
       9
      21
      19
      19
      14
      18
      13
      16
      23
      18
      28
      17
      14
      17
      14
      24
      29
      25
      14
      14
      22
      23
      15
      19
      18
      23
      24
      22
      18
      19
      18
      23
      11
      12
      17
      18
      14
      20
      20
      15
      25
      25
      17
      20
      15
      20
      22
       8
      15
      18
      19
      15
      20
      13
      19
      13
      17
      19
      29
      11
      17
      22
      22
      12
      21
      16
      18
      20
      22
      18
      18
      19
      18
      18
      22
      22
      19
      17
      15
      16
      15
      19
      27
      12
      20
      22
      16
       9
      21
      24
      20
      20
      20
      19
      15
      13
      17
      18
      12
      10
      19
      13
      20
      10
      18
      22
      21
      15
      19
      15
      17
      20
      12
      14
      17
      23
      15
      13
      18
      20
      10
      12
      15
      14
      19
      19
      24
      27
      15
      16
      26
      13
      22
      17
      23
      19
      10
      17
      17
      18
      19
      25
      16
      16
      14
      13
      20
      15
      14
      15
      22
      14
      18
      22
      21
      17
      18
       7
      22
      25
      19
      10
      21
      18
      16
      11
      14
      13
      14
      14
      28
      20
      11
      11
      19
      25
      15
      21
      15
      23
      15
      10
      21
      19
      11
      16
      15
      16
      17
      14
      20
      13
      17
      16
       9
      14
      10
      18
      14
      10
      21
      10
      12
      12
      20
      13
       8
      15
      14
      17
      18
      13
      15
      16
       8
      24
      17
      20
      20
      13
      10
      12
      15
      14
      19
      10
      20
      13
      19
      12
       6
      11
      18
      14
      17
      14
      11
      15
       9
      12
       9
      17
      10
      17
       8
      13
      11
      16
      18
      16
       9
      12
      14
      10
      14
      18
      14
      11
      18
      17
      17
      27
      15
      10
      15
      13
      16
      11
      13
      14
      12
      20
      10
       9
      17
       7
      17
      12
      11
       7
       6
      15
      20
       8
      10
       7
      11
      17
      19
      10
      11
      11
      12
      18
      11
       6
       8
      14
      11
      11
      11
      13
      13
      12
      17
      14
      14
      11
       8
      11
      17
      16
       6
      17
      11
       7
       7
      12
      16
      15
       6
       9
      14
      17
      12
       9
       6
      13
      18
      11
      13
      12
       8
       3
       7
       9
      11
       9
      10
       7
       9
      15
      11
      11
      17
      16
      20
       7
       6
      10
       9
       5
      10
       8
      15
      13
      10
       7
      17
      11
       5
       9
      13
       4
      14
       9
       7
      16
      10
       8
      10
      11
      14
       8
       6
      16
       5
       4
       5
       8
      12
       4
       8
      12
       5
       7
       1
       9
       5
       8
       8
       5
      10
       9
      11
      12
       6
       5
      11
       6
       7
      12
       8
       9
      11
      10
      12
       9
       7
      12
       5
       4
       5
       7
      10
      11
       9
       5
       5
       5
       7
       6
       6
       9
       6
      10
      12
       6
       4
       5
       7
       5
      10
       6
      10
       8
      10
       8
       9
       4
      12
       4
       6
       9
       7
       9
       6
       3
       5
      11
       7
       7
       3
      11
       8
       4
       4
       7
       6
      10
       4
       6
      10
       6
       9
       6
       9
      13
      11
       8
       4
       5
      11
       4
       2
       8
       8
       7
       3
      10
       6
       5
       7
      10
       7
       5
       6
       6
      10
       4
       5
       5
       4
       7
       6
       4
       8
       5
       3
      11
       4
       3
       8
       7
       2
       3
       5
       9
       4
       4
      11
       5
      11
       4
       5
       3
       2
       2
       8
       7
       8
       5
       9
       3
       7
       5
       5
       0
       6
       3
       5
      10
       5
       4
       4
       4
       6
       3
       8
       6
       3
       3
       7
       5
       5
       4
       1
       5
       5
       4
       6
       6
       5
       6
       2
       7
       4
      11
       4
       1
       5
       3
       5
       5
       6
       5
       4
       7
       2
       6
       3
       1
       5
       4
       6
       8
       6
       1
       3
       5
       2
       2
       2
       5
       4
       4
       0
      10
       1
       6
       2
       2
       4
       6
       5
       5
       5
       4
       3
       4
       4
       2
       3
       3
       5
       0
       5
       4
       2
       2
       4
       3
       4
       6
       5
       0
       1
       3
       4
       6
       2
       6
       6
       4
       1
       3
       6
       6
       3
       4
       3
       4
       6
       3
       3
       0
       5
       0
       4
       4
       5
       4
       4
       5
       3
       0
       3
       5
       3
       6
       6
       6
       1
       3
       1
       4
       4
       3
       2
       6
       0
       3
       4
       6
       9
       4
       1
       3
       2
       1
      11
       5
       2
       2
       5
       6
       1
       6
       2
       1
       3
       4
       6
       4
       2
       3
       2
       6
       4
       4
       0
       1
       2
       3
       4
       9
       4
       2
       4
       4
       1
       3
       1
       3
       2
       3
       6
       3
       4
       2
       6
       1
       3
       6
       2
       6
       3
       4
       2
       4
       3
       6
       8
       2
       4
       1
       5
       4
       2
       1
       4
       2
       3
       2
       3
       4
       3
       1
       6
       3
       4
       2
       4
       3
       3
       2
       3
       5
       3
       2
       6
       2
       6
       1
       3
       8
       2
       4
       2
       7
       2
       6
       0
       2
       2
       2
       2
       3
       3
       2
       1
       1
       0
       0
       0
       0
       0
       0
       0
       0
       0
       0
       0
       0
       0
       0
       0
       0
       0
       0
       0
       0
       0
       0
       0
       0
       0
       0
       0
       0
       0
       0
       0
       0
       0
       0
       0
       0
       0
       0
       0
       0
       0
       0
       0
       0
       0
       0
       0
       0
       0
       0
       0
       0
       0
       0
       0
       0
       0
       0
       0
       0
       0
       0
       0
       0
       0
       0
       0
       0
       0
       0
       0
       0
       0
       0
       0
       0
       0
       0
       0
       0
       0
       0
       0
       0
       0
       0
       0
       0
       0
       0
       0
       0
       0
       0
       0
       0
       0
       0
       0
       0
       0
       0
       0
       0
       0
       0
       0
       0
       0
       0
       0
       0
       0
       0
       0
       0
       0
       0
       0
       0
       0
       0
       0
       0
       0
       0
       0
       0
$ROI:
0
$PRESETS:
None
0
0
$ENER_FIT:
0.000000 0.000000
$MCA_CAL:
3
0.000000E+000 0.000000E+000 0.000000E+000 
$SHAPE_CAL:
3
0.000000E+000 0.000000E+000 0.000000E+000
