$SPEC_ID:
No sample description was entered.
$SPEC_REM:
DET# 1
DETDESC# DESKTOP-PNQJTCJ Easy-MCA-8k SN 09161357
AP# Maestro Version 7.01
$DATE_MEA:
05/07/2024 10:36:17
$MEAS_TIM:
1258 1327
$DATA:
0 8191
       0
       0
       0
       0
       0
       0
       0
       0
       0
       0
       0
       0
       0
       0
       0
       0
       0
       0
       0
       0
       0
       0
       0
       0
       0
       0
       0
       0
       0
       0
       0
       0
       0
       0
       0
       0
       0
       0
       0
       0
       0
       0
       0
       0
       0
       0
       0
       0
       0
       0
       0
       0
       0
       0
       0
       0
       0
       2
       6
      11
      20
      23
      26
      42
      28
      45
      68
     102
     406
    1158
    1393
    1393
    1358
    1351
    1386
    1415
    1387
    1376
    1346
    1420
    1375
    1382
    1342
    1425
    1406
    1295
    1357
    1416
    1286
    1396
    1409
    1324
    1356
    1382
    1433
    1424
    1371
    1364
    1381
    1358
    1463
    1358
    1404
    1410
    1548
    1397
    1373
    1391
    1457
    1501
    1428
    1482
    1510
    1533
    1487
    1436
    1445
    1494
    1462
    1478
    1482
    1458
    1469
    1494
    1508
    1515
    1487
    1518
    1512
    1510
    1511
    1486
    1561
    1499
    1573
    1491
    1493
    1499
    1493
    1548
    1570
    1504
    1501
    1526
    1567
    1531
    1492
    1551
    1505
    1524
    1525
    1537
    1526
    1596
    1560
    1603
    1575
    1480
    1622
    1515
    1596
    1560
    1542
    1607
    1615
    1628
    1600
    1614
    1680
    1622
    1739
    1694
    1709
    1708
    1772
    1784
    1812
    1761
    1810
    1868
    1809
    1913
    1917
    1840
    1850
    1856
    1830
    1887
    1831
    1886
    1922
    1950
    1987
    1943
    1926
    1940
    1920
    1881
    1951
    1839
    1904
    1837
    1916
    1944
    1869
    1803
    1815
    1808
    1835
    1830
    1760
    1731
    1787
    1757
    1736
    1779
    1641
    1713
    1750
    1797
    1744
    1715
    1755
    1659
    1700
    1729
    1729
    1659
    1695
    1744
    1703
    1742
    1667
    1674
    1707
    1677
    1666
    1731
    1686
    1687
    1738
    1787
    1732
    1699
    1799
    1707
    1710
    1762
    1811
    1691
    1718
    1720
    1733
    1781
    1734
    1753
    1741
    1745
    1688
    1707
    1697
    1743
    1756
    1751
    1712
    1778
    1778
    1756
    1767
    1772
    1803
    1779
    1782
    1758
    1843
    1780
    1863
    1850
    1895
    1845
    2013
    2069
    1958
    2037
    2066
    2212
    2179
    2222
    2338
    2339
    2291
    2386
    2531
    2633
    2625
    2676
    2813
    2908
    2964
    3112
    3104
    3113
    3286
    3366
    3544
    3589
    3643
    3764
    3917
    4059
    4131
    4088
    4204
    4482
    4392
    4390
    4576
    4624
    4571
    4744
    4600
    4730
    4599
    4656
    4650
    4687
    4731
    4749
    4651
    4589
    4617
    4349
    4311
    4303
    4270
    4130
    4127
    3972
    3957
    3827
    3757
    3691
    3584
    3611
    3618
    3445
    3398
    3379
    3251
    3218
    3188
    3122
    3249
    3132
    3139
    3110
    2951
    3067
    3117
    3106
    2965
    2944
    2897
    2865
    2943
    2918
    2874
    2795
    2820
    2833
    2762
    2844
    2725
    2740
    2720
    2725
    2765
    2527
    2550
    2577
    2487
    2637
    2433
    2399
    2406
    2357
    2265
    2173
    2357
    2218
    2167
    2176
    2189
    2011
    2083
    2069
    2118
    1967
    1989
    1910
    1852
    1841
    1912
    2013
    1913
    1907
    1811
    1847
    1789
    1861
    1837
    1802
    1792
    1765
    1812
    1808
    1805
    1771
    1784
    1812
    1825
    1787
    1724
    1779
    1789
    1694
    1714
    1817
    1912
    1719
    1753
    1834
    1824
    1842
    1827
    1866
    1778
    1828
    1761
    1728
    1844
    1866
    1752
    1837
    1830
    1817
    1855
    1808
    1813
    1831
    1916
    1945
    1916
    1822
    1855
    1913
    1895
    1861
    1921
    1842
    1816
    1901
    1930
    1899
    1959
    1946
    1905
    1923
    1907
    1914
    1930
    1901
    1977
    1977
    1868
    1905
    1896
    1985
    1908
    1944
    2019
    1956
    1912
    2008
    2010
    1904
    1978
    1981
    1944
    2056
    1944
    1948
    1990
    2079
    1955
    2025
    1999
    1966
    2070
    2039
    2020
    2001
    1989
    2013
    2099
    1973
    2024
    2016
    2116
    2077
    2055
    2063
    2042
    2122
    2142
    2122
    2098
    2069
    2115
    2108
    2084
    2011
    2099
    2197
    2133
    2188
    2083
    2061
    2161
    2071
    2112
    2117
    2190
    2208
    2121
    2217
    2228
    2159
    2080
    2148
    2113
    2093
    2200
    2235
    2246
    2150
    2324
    2203
    2131
    2179
    2178
    2068
    2289
    2193
    2278
    2172
    2277
    2122
    2142
    2238
    2242
    2241
    2296
    2277
    2287
    2163
    2223
    2181
    2296
    2339
    2301
    2209
    2274
    2207
    2238
    2271
    2342
    2241
    2293
    2247
    2374
    2323
    2334
    2341
    2261
    2290
    2309
    2283
    2220
    2302
    2308
    2235
    2314
    2298
    2337
    2294
    2314
    2259
    2272
    2339
    2318
    2274
    2332
    2300
    2418
    2284
    2451
    2358
    2386
    2341
    2372
    2332
    2340
    2345
    2269
    2354
    2411
    2374
    2371
    2431
    2330
    2425
    2409
    2356
    2458
    2337
    2319
    2392
    2315
    2403
    2535
    2461
    2479
    2444
    2497
    2483
    2424
    2430
    2540
    2525
    2444
    2549
    2510
    2538
    2564
    2579
    2535
    2533
    2562
    2516
    2603
    2564
    2534
    2565
    2497
    2600
    2587
    2620
    2677
    2645
    2733
    2586
    2732
    2668
    2639
    2702
    2621
    2692
    2670
    2650
    2779
    2673
    2810
    2757
    2761
    2707
    2775
    2856
    2908
    2831
    2920
    2854
    2903
    3016
    2773
    2983
    2792
    2956
    2867
    2978
    2921
    2997
    3026
    3004
    3129
    2991
    3035
    3083
    2953
    2942
    3036
    3055
    2988
    3051
    3024
    3187
    3130
    3170
    3084
    3023
    3275
    3171
    3167
    3194
    3231
    3109
    3154
    3282
    3199
    3267
    3275
    3228
    3319
    3304
    3198
    3336
    3283
    3326
    3303
    3249
    3286
    3297
    3349
    3386
    3310
    3404
    3400
    3426
    3305
    3443
    3305
    3292
    3332
    3251
    3391
    3356
    3420
    3390
    3321
    3489
    3417
    3360
    3352
    3467
    3388
    3387
    3440
    3386
    3409
    3438
    3398
    3405
    3474
    3428
    3445
    3445
    3312
    3285
    3415
    3442
    3412
    3453
    3412
    3389
    3236
    3473
    3451
    3407
    3481
    3393
    3388
    3503
    3424
    3299
    3475
    3448
    3428
    3408
    3476
    3420
    3488
    3322
    3365
    3486
    3459
    3359
    3338
    3509
    3413
    3219
    3463
    3388
    3353
    3418
    3398
    3291
    3403
    3387
    3356
    3372
    3288
    3398
    3331
    3247
    3432
    3274
    3367
    3494
    3395
    3286
    3337
    3439
    3383
    3372
    3430
    3327
    3293
    3407
    3328
    3393
    3380
    3303
    3338
    3361
    3320
    3344
    3306
    3397
    3420
    3327
    3381
    3384
    3288
    3414
    3423
    3288
    3335
    3318
    3355
    3238
    3366
    3264
    3327
    3303
    3369
    3440
    3435
    3353
    3302
    3245
    3297
    3283
    3299
    3368
    3351
    3237
    3259
    3409
    3419
    3356
    3291
    3343
    3324
    3320
    3368
    3389
    3316
    3305
    3322
    3336
    3314
    3262
    3286
    3304
    3364
    3357
    3302
    3347
    3248
    3361
    3384
    3386
    3297
    3322
    3364
    3339
    3286
    3312
    3282
    3305
    3322
    3278
    3286
    3330
    3344
    3203
    3382
    3246
    3222
    3329
    3256
    3287
    3209
    3315
    3280
    3180
    3221
    3282
    3295
    3264
    3176
    3175
    3245
    3188
    3250
    3197
    3233
    3185
    3265
    3261
    3224
    3256
    3088
    3219
    3157
    3281
    3244
    3168
    3154
    3272
    3221
    3100
    3178
    3270
    3162
    3262
    3208
    3188
    3185
    3243
    3242
    3163
    3203
    3222
    3163
    3173
    3180
    3215
    3230
    3205
    3140
    3138
    3116
    3093
    3171
    3070
    3032
    3146
    3115
    3012
    3172
    3162
    3183
    3208
    3201
    3304
    3157
    3162
    3082
    3134
    3073
    3217
    3084
    3117
    3103
    3124
    3063
    3071
    2967
    3147
    3088
    3133
    2958
    3092
    3019
    3033
    3102
    3108
    3154
    3110
    3109
    3044
    3001
    3020
    3056
    3196
    3064
    3066
    3074
    3004
    3063
    3054
    2965
    3078
    3048
    3087
    3039
    3124
    3041
    3096
    3011
    3105
    3155
    3096
    3001
    3055
    2985
    3098
    3039
    3035
    3023
    2993
    3032
    3001
    2936
    3150
    2921
    3021
    3082
    2968
    2935
    3057
    3031
    3092
    2958
    2992
    3062
    3033
    3066
    3096
    2945
    3007
    2930
    2933
    3057
    3053
    2963
    2939
    2966
    2894
    2964
    2879
    2963
    2838
    2866
    2992
    3016
    2976
    2945
    2976
    2907
    2847
    2972
    2882
    3005
    3023
    2953
    2919
    2935
    2904
    2922
    2768
    2902
    2983
    2948
    2918
    2841
    2891
    2904
    2861
    3030
    2953
    2932
    2950
    2941
    2905
    2865
    2823
    2877
    2874
    2856
    2783
    2944
    2914
    2922
    2872
    2912
    2916
    2913
    2989
    2848
    2830
    2831
    2869
    2872
    2913
    2938
    2865
    2951
    2835
    2844
    2801
    2911
    2923
    2888
    2862
    2854
    2836
    2836
    2934
    2863
    2911
    2801
    2916
    2875
    2769
    2786
    2877
    2903
    2810
    2931
    2776
    2904
    2884
    2873
    2897
    2729
    2852
    2857
    2856
    2798
    2785
    2827
    2774
    2865
    2796
    2839
    2832
    2731
    2820
    2860
    2804
    2809
    2829
    2840
    2832
    2940
    2875
    2792
    2884
    2824
    2833
    2730
    2847
    2801
    2842
    2789
    2781
    2666
    2808
    2820
    2816
    2747
    2828
    2822
    2686
    2715
    2813
    2784
    2735
    2783
    2814
    2681
    2729
    2794
    2773
    2775
    2683
    2699
    2690
    2736
    2736
    2791
    2742
    2706
    2660
    2811
    2781
    2753
    2768
    2712
    2719
    2701
    2696
    2673
    2696
    2711
    2742
    2668
    2737
    2687
    2697
    2727
    2743
    2678
    2630
    2657
    2641
    2681
    2601
    2608
    2638
    2616
    2549
    2575
    2695
    2624
    2699
    2580
    2570
    2639
    2572
    2643
    2572
    2676
    2595
    2649
    2561
    2564
    2638
    2515
    2566
    2508
    2520
    2564
    2510
    2482
    2568
    2515
    2479
    2491
    2549
    2526
    2451
    2439
    2513
    2446
    2369
    2401
    2428
    2384
    2445
    2492
    2436
    2410
    2430
    2394
    2274
    2409
    2371
    2403
    2484
    2392
    2308
    2309
    2313
    2303
    2283
    2218
    2310
    2219
    2224
    2233
    2219
    2251
    2225
    2146
    2243
    2238
    2258
    2204
    2251
    2156
    2232
    2228
    2129
    2171
    2164
    2182
    2050
    2112
    2111
    2115
    2007
    2113
    2082
    2144
    1998
    1979
    2083
    2089
    2092
    2036
    1974
    2006
    2040
    2027
    2013
    1962
    1930
    1925
    1978
    1923
    1931
    1940
    1908
    1833
    1965
    1906
    1917
    1864
    1851
    1821
    1873
    1893
    1796
    1897
    1802
    1816
    1773
    1904
    1775
    1810
    1839
    1853
    1768
    1753
    1763
    1710
    1670
    1823
    1739
    1801
    1731
    1731
    1720
    1703
    1750
    1677
    1642
    1652
    1727
    1682
    1720
    1688
    1717
    1681
    1711
    1698
    1630
    1717
    1648
    1674
    1696
    1601
    1662
    1662
    1606
    1593
    1577
    1651
    1593
    1603
    1655
    1617
    1622
    1532
    1594
    1548
    1564
    1555
    1574
    1601
    1540
    1541
    1562
    1598
    1550
    1524
    1503
    1591
    1544
    1585
    1604
    1527
    1546
    1522
    1488
    1480
    1519
    1471
    1497
    1510
    1554
    1453
    1444
    1489
    1486
    1498
    1543
    1470
    1527
    1533
    1504
    1449
    1503
    1499
    1519
    1432
    1481
    1494
    1530
    1474
    1483
    1454
    1397
    1408
    1402
    1406
    1485
    1447
    1478
    1385
    1453
    1427
    1466
    1418
    1442
    1352
    1475
    1481
    1361
    1408
    1393
    1401
    1338
    1426
    1448
    1342
    1418
    1443
    1304
    1360
    1357
    1345
    1321
    1359
    1341
    1325
    1338
    1358
    1400
    1291
    1384
    1337
    1326
    1393
    1341
    1353
    1378
    1367
    1394
    1339
    1313
    1330
    1300
    1391
    1307
    1327
    1320
    1345
    1290
    1297
    1326
    1382
    1302
    1316
    1336
    1295
    1357
    1275
    1299
    1272
    1298
    1235
    1331
    1282
    1223
    1251
    1256
    1290
    1256
    1250
    1305
    1336
    1280
    1293
    1322
    1212
    1196
    1305
    1292
    1268
    1260
    1257
    1262
    1240
    1254
    1211
    1233
    1218
    1200
    1194
    1232
    1247
    1251
    1251
    1284
    1188
    1270
    1226
    1169
    1275
    1205
    1174
    1200
    1266
    1189
    1248
    1199
    1240
    1236
    1188
    1187
    1224
    1233
    1160
    1114
    1207
    1229
    1204
    1118
    1198
    1177
    1189
    1189
    1167
    1242
    1151
    1129
    1228
    1163
    1199
    1148
    1168
    1270
    1175
    1173
    1178
    1127
    1117
    1210
    1227
    1161
    1118
    1104
    1181
    1206
    1090
    1096
    1174
    1142
    1189
    1159
    1178
    1147
    1158
    1159
    1170
    1091
    1200
    1125
    1159
    1134
    1122
    1140
    1140
    1102
    1136
    1090
    1140
    1189
    1132
    1125
    1076
    1166
    1161
    1122
    1086
    1068
    1168
    1120
    1147
    1137
    1114
    1078
    1114
    1081
    1071
    1071
    1100
    1023
    1074
    1066
    1141
    1108
    1068
    1127
    1166
    1100
    1074
    1094
    1070
    1072
    1062
    1066
    1112
    1099
    1069
    1067
    1077
    1081
    1028
    1093
    1041
    1081
    1056
    1064
    1027
    1062
    1089
    1054
    1078
    1059
    1026
    1070
    1090
    1066
    1151
    1038
    1058
    1040
    1061
    1053
    1107
    1070
    1032
    1125
    1040
    1025
    1039
    1059
    1035
    1100
    1071
    1054
    1075
    1035
    1121
    1058
    1046
    1024
    1067
    1056
    1038
    1038
    1044
    1074
    1092
    1034
    1043
    1025
    1065
    1093
    1071
    1061
    1103
    1067
    1073
    1121
    1096
    1069
    1099
    1132
    1096
    1036
    1126
    1060
    1053
    1049
    1080
    1091
    1073
    1025
    1065
    1105
    1149
    1081
    1116
    1116
    1115
    1137
    1148
    1100
    1122
    1117
    1164
    1093
    1173
    1168
    1137
    1171
    1122
    1187
    1186
    1192
    1151
    1214
    1203
    1224
    1268
    1273
    1260
    1235
    1245
    1257
    1259
    1292
    1303
    1323
    1320
    1369
    1392
    1356
    1340
    1450
    1339
    1376
    1432
    1450
    1531
    1498
    1443
    1445
    1544
    1535
    1564
    1611
    1561
    1668
    1688
    1682
    1599
    1653
    1728
    1761
    1790
    1736
    1811
    1846
    1880
    1943
    1955
    1962
    1996
    2005
    2041
    2130
    2140
    2116
    2207
    2203
    2277
    2278
    2339
    2357
    2457
    2472
    2504
    2506
    2598
    2518
    2695
    2722
    2759
    2790
    2925
    2942
    2954
    3080
    3210
    3157
    3133
    3299
    3430
    3311
    3412
    3519
    3600
    3619
    3713
    3804
    4023
    3872
    3828
    4082
    4133
    4180
    4366
    4385
    4460
    4442
    4690
    4563
    4729
    4796
    4895
    5123
    5208
    5280
    5399
    5358
    5504
    5608
    5580
    5822
    5753
    6010
    6181
    6388
    6161
    6584
    6468
    6633
    6819
    6864
    6833
    7103
    7222
    7205
    7477
    7372
    7633
    7683
    7936
    8205
    8360
    8374
    8361
    8379
    8631
    8625
    8994
    9236
    9075
    9201
    9435
    9474
    9743
    9964
    9900
   10013
   10087
   10396
   10339
   10666
   10702
   10686
   10895
   10992
   11207
   11127
   11310
   11412
   11577
   11817
   11898
   11916
   12205
   12205
   12411
   12648
   12591
   12973
   12734
   12991
   13236
   13354
   13358
   13391
   13539
   13382
   13659
   13719
   13843
   13901
   13869
   14206
   14062
   14313
   14451
   14461
   14681
   14555
   14622
   14739
   14591
   14984
   14803
   14974
   15137
   15153
   15262
   15235
   15019
   15353
   15103
   15362
   15419
   15479
   15507
   15512
   15357
   15482
   15528
   15309
   15368
   15692
   15350
   15613
   15364
   15369
   15304
   15209
   15105
   15314
   15404
   15297
   15231
   14960
   15254
   14957
   15265
   14890
   14956
   14894
   14790
   14940
   14875
   14716
   14644
   14695
   14150
   14172
   14289
   13979
   13900
   13895
   13693
   13626
   13821
   13556
   13464
   13247
   13081
   13069
   13067
   12812
   12733
   12499
   12583
   12513
   12218
   11999
   11897
   11892
   11692
   11333
   11424
   11255
   11101
   10911
   10738
   10584
   10603
   10423
   10211
   10139
   10184
    9905
    9602
    9617
    9379
    9317
    9016
    8800
    8805
    8658
    8423
    8502
    8063
    8184
    8094
    7816
    7639
    7362
    7416
    7437
    7076
    6886
    6871
    6650
    6523
    6592
    6258
    6088
    6247
    5966
    5919
    5683
    5662
    5549
    5353
    5192
    5043
    4957
    4853
    4687
    4653
    4634
    4365
    4348
    4131
    4108
    4021
    3917
    3843
    3833
    3687
    3546
    3463
    3416
    3298
    3263
    3097
    3052
    2983
    2918
    2762
    2722
    2618
    2504
    2582
    2516
    2438
    2340
    2312
    2256
    2250
    2095
    2100
    1967
    1910
    1922
    1840
    1868
    1719
    1654
    1602
    1602
    1574
    1492
    1442
    1476
    1405
    1379
    1387
    1319
    1253
    1267
    1287
    1201
    1156
    1099
    1147
    1043
    1120
    1053
    1044
     991
    1069
     964
    1002
     899
     923
     923
     870
     856
     828
     797
     803
     752
     786
     810
     723
     789
     726
     709
     748
     682
     710
     630
     687
     712
     626
     621
     617
     660
     584
     640
     587
     639
     582
     603
     616
     555
     563
     559
     573
     528
     509
     573
     503
     573
     591
     543
     566
     559
     516
     529
     548
     575
     540
     560
     600
     524
     511
     504
     546
     508
     547
     514
     538
     519
     503
     504
     503
     506
     541
     515
     562
     529
     507
     507
     520
     532
     491
     485
     478
     510
     495
     505
     502
     538
     492
     493
     498
     486
     507
     502
     542
     526
     523
     547
     513
     478
     499
     490
     493
     476
     511
     505
     451
     529
     507
     515
     519
     519
     509
     532
     519
     548
     527
     524
     542
     519
     515
     475
     510
     528
     477
     541
     517
     520
     501
     523
     495
     499
     481
     461
     522
     497
     516
     515
     553
     516
     510
     487
     542
     513
     529
     527
     536
     477
     495
     509
     505
     519
     516
     517
     474
     502
     508
     526
     519
     493
     532
     536
     535
     544
     538
     486
     527
     505
     490
     506
     478
     506
     511
     575
     547
     461
     504
     470
     510
     513
     498
     531
     532
     503
     530
     509
     501
     474
     504
     539
     507
     505
     504
     497
     528
     472
     544
     520
     509
     492
     504
     492
     526
     510
     522
     532
     498
     480
     481
     504
     467
     515
     443
     482
     482
     505
     478
     477
     499
     552
     477
     490
     507
     501
     479
     513
     470
     545
     488
     485
     490
     476
     476
     453
     491
     509
     464
     507
     484
     471
     473
     458
     504
     443
     503
     506
     487
     488
     468
     436
     497
     465
     490
     473
     511
     487
     482
     483
     482
     482
     479
     462
     472
     475
     473
     451
     464
     490
     486
     462
     437
     457
     500
     448
     467
     470
     467
     460
     496
     465
     471
     429
     462
     489
     483
     466
     460
     534
     490
     487
     473
     448
     440
     435
     487
     442
     473
     478
     498
     460
     457
     489
     467
     456
     471
     411
     486
     467
     486
     455
     450
     506
     459
     458
     461
     440
     485
     430
     457
     456
     452
     441
     472
     452
     523
     466
     446
     475
     473
     452
     463
     445
     431
     441
     434
     494
     470
     448
     437
     460
     479
     462
     433
     477
     499
     482
     431
     426
     458
     453
     447
     449
     446
     451
     431
     440
     420
     454
     456
     422
     459
     418
     470
     461
     432
     459
     480
     439
     484
     465
     482
     476
     471
     473
     473
     483
     425
     482
     436
     479
     452
     443
     439
     459
     454
     454
     475
     469
     492
     498
     485
     446
     469
     451
     466
     454
     421
     502
     461
     455
     443
     469
     457
     474
     496
     467
     483
     461
     476
     433
     467
     473
     430
     468
     480
     468
     463
     423
     509
     452
     487
     461
     447
     488
     432
     469
     460
     485
     476
     443
     449
     459
     485
     420
     469
     472
     472
     460
     470
     491
     422
     460
     456
     470
     462
     415
     461
     442
     452
     458
     479
     476
     504
     427
     458
     435
     438
     464
     439
     468
     496
     461
     485
     428
     525
     506
     493
     479
     491
     471
     477
     421
     443
     469
     481
     462
     451
     474
     459
     476
     487
     464
     463
     459
     473
     515
     449
     493
     520
     475
     486
     441
     492
     463
     487
     477
     509
     460
     481
     474
     457
     437
     485
     465
     475
     496
     462
     434
     487
     509
     441
     443
     500
     476
     465
     435
     520
     444
     476
     485
     509
     516
     479
     494
     468
     458
     481
     454
     496
     482
     483
     491
     467
     488
     516
     461
     496
     509
     495
     459
     477
     435
     489
     475
     484
     461
     467
     522
     460
     498
     466
     491
     492
     442
     471
     521
     446
     500
     488
     464
     455
     466
     462
     486
     477
     479
     476
     502
     466
     523
     465
     440
     471
     452
     454
     472
     483
     469
     478
     456
     449
     468
     434
     471
     452
     475
     449
     454
     485
     480
     426
     500
     494
     479
     455
     487
     442
     464
     527
     508
     493
     449
     498
     483
     484
     469
     448
     475
     517
     470
     449
     470
     474
     443
     469
     472
     470
     509
     458
     468
     441
     444
     455
     466
     503
     473
     446
     456
     488
     449
     461
     457
     431
     450
     453
     504
     495
     489
     444
     463
     473
     432
     486
     450
     502
     482
     495
     471
     525
     442
     476
     426
     465
     488
     437
     447
     430
     421
     446
     431
     448
     441
     466
     433
     438
     486
     431
     456
     446
     458
     435
     428
     470
     449
     446
     421
     453
     515
     509
     478
     493
     441
     436
     430
     467
     480
     408
     444
     454
     472
     430
     464
     439
     489
     466
     440
     473
     460
     451
     430
     454
     480
     459
     501
     472
     476
     436
     475
     472
     421
     475
     438
     411
     457
     451
     406
     460
     439
     431
     478
     444
     481
     468
     465
     470
     426
     466
     424
     462
     452
     417
     429
     433
     432
     503
     464
     436
     494
     481
     451
     446
     462
     432
     418
     456
     442
     495
     446
     460
     467
     465
     446
     441
     411
     485
     404
     478
     465
     475
     434
     479
     437
     476
     449
     448
     451
     461
     438
     460
     473
     458
     470
     491
     426
     457
     452
     485
     461
     460
     494
     446
     462
     411
     462
     436
     453
     470
     446
     472
     432
     455
     459
     470
     480
     476
     462
     462
     476
     484
     458
     455
     462
     444
     456
     498
     452
     449
     475
     433
     483
     438
     459
     485
     428
     454
     460
     439
     449
     404
     476
     493
     475
     497
     459
     454
     463
     453
     428
     451
     448
     455
     453
     491
     461
     432
     456
     450
     448
     449
     422
     448
     432
     441
     443
     492
     486
     453
     496
     459
     437
     499
     487
     441
     467
     465
     471
     493
     459
     452
     453
     435
     450
     461
     469
     423
     433
     469
     451
     437
     457
     489
     460
     445
     445
     462
     467
     464
     433
     450
     466
     467
     463
     479
     424
     451
     455
     457
     428
     438
     454
     433
     475
     470
     495
     446
     436
     443
     437
     434
     423
     428
     451
     439
     464
     414
     466
     449
     441
     458
     456
     501
     430
     436
     439
     442
     450
     427
     430
     451
     428
     461
     421
     405
     452
     424
     444
     449
     464
     472
     421
     456
     429
     422
     440
     460
     455
     435
     439
     478
     466
     438
     467
     424
     457
     441
     450
     404
     455
     450
     467
     460
     431
     437
     426
     487
     428
     429
     445
     431
     471
     427
     437
     417
     430
     479
     457
     458
     435
     449
     465
     436
     436
     439
     435
     464
     478
     469
     438
     430
     425
     443
     457
     417
     445
     473
     450
     412
     445
     455
     435
     417
     424
     443
     463
     429
     471
     439
     454
     431
     417
     449
     486
     438
     420
     441
     468
     450
     484
     423
     454
     448
     418
     455
     429
     431
     442
     468
     430
     456
     439
     428
     421
     434
     464
     433
     422
     474
     482
     461
     464
     450
     443
     419
     416
     445
     467
     453
     443
     442
     437
     473
     432
     367
     478
     440
     442
     481
     462
     423
     421
     442
     426
     407
     430
     409
     446
     455
     417
     422
     457
     476
     444
     426
     431
     427
     472
     435
     426
     458
     462
     449
     471
     414
     457
     434
     461
     457
     470
     444
     459
     440
     482
     471
     454
     440
     476
     459
     453
     428
     500
     428
     421
     468
     463
     425
     448
     440
     442
     433
     449
     454
     494
     460
     436
     467
     428
     461
     467
     435
     430
     441
     428
     434
     460
     459
     405
     443
     456
     456
     450
     440
     477
     459
     443
     393
     474
     454
     437
     436
     441
     416
     429
     460
     467
     421
     408
     463
     421
     406
     449
     468
     453
     453
     461
     441
     429
     468
     443
     426
     433
     473
     488
     430
     450
     476
     479
     423
     462
     442
     471
     464
     440
     472
     445
     472
     420
     468
     462
     425
     440
     440
     431
     465
     426
     458
     480
     428
     413
     439
     435
     471
     457
     450
     441
     462
     395
     448
     429
     416
     430
     446
     444
     474
     428
     425
     465
     434
     480
     478
     437
     427
     488
     470
     429
     457
     467
     468
     434
     452
     466
     425
     497
     481
     466
     443
     456
     446
     420
     473
     472
     414
     428
     452
     438
     465
     467
     426
     491
     431
     417
     475
     466
     455
     458
     461
     522
     468
     468
     444
     468
     497
     462
     474
     461
     486
     444
     452
     486
     429
     426
     456
     450
     467
     460
     462
     441
     471
     487
     509
     470
     466
     506
     476
     424
     463
     460
     471
     470
     496
     455
     447
     470
     441
     430
     469
     439
     499
     415
     467
     453
     441
     445
     427
     460
     480
     443
     456
     481
     458
     468
     484
     452
     484
     474
     472
     461
     445
     458
     482
     494
     480
     439
     453
     491
     499
     447
     442
     500
     478
     487
     476
     488
     472
     430
     470
     464
     449
     419
     487
     464
     417
     482
     471
     451
     476
     472
     488
     472
     466
     483
     475
     484
     445
     497
     462
     473
     463
     451
     481
     460
     478
     483
     447
     447
     473
     501
     454
     438
     462
     452
     470
     476
     481
     459
     436
     475
     415
     468
     485
     498
     451
     451
     467
     458
     419
     431
     483
     468
     471
     473
     489
     546
     481
     470
     447
     483
     446
     446
     448
     459
     531
     488
     472
     478
     484
     463
     460
     487
     470
     490
     478
     491
     445
     498
     514
     504
     484
     484
     470
     465
     482
     487
     473
     462
     520
     468
     498
     461
     478
     474
     478
     467
     488
     465
     433
     479
     484
     478
     469
     504
     493
     496
     430
     470
     464
     537
     450
     469
     498
     509
     472
     476
     516
     517
     443
     441
     484
     450
     436
     492
     499
     489
     476
     472
     481
     496
     479
     471
     455
     500
     494
     470
     491
     487
     472
     504
     469
     477
     446
     467
     486
     470
     512
     495
     458
     491
     456
     496
     514
     493
     519
     501
     480
     466
     477
     520
     487
     492
     488
     498
     480
     491
     479
     445
     490
     513
     481
     472
     484
     499
     478
     472
     508
     438
     476
     514
     499
     491
     528
     495
     506
     491
     456
     461
     482
     461
     485
     491
     478
     475
     503
     514
     470
     447
     511
     514
     494
     478
     455
     484
     514
     546
     446
     487
     535
     494
     449
     499
     456
     502
     423
     511
     458
     473
     501
     499
     498
     492
     496
     507
     488
     473
     459
     466
     477
     508
     511
     488
     459
     447
     480
     472
     470
     505
     475
     499
     467
     476
     490
     468
     460
     476
     488
     435
     480
     463
     497
     473
     455
     537
     467
     471
     457
     509
     461
     497
     455
     529
     489
     485
     484
     481
     464
     443
     478
     472
     438
     513
     447
     494
     486
     484
     535
     486
     483
     485
     478
     473
     473
     481
     430
     420
     473
     489
     477
     476
     474
     480
     497
     461
     478
     452
     483
     455
     454
     505
     460
     493
     503
     459
     487
     461
     507
     445
     472
     466
     446
     434
     474
     495
     475
     492
     430
     445
     483
     456
     438
     486
     485
     467
     467
     434
     457
     434
     482
     456
     471
     432
     469
     467
     512
     469
     458
     451
     468
     459
     458
     501
     479
     497
     476
     410
     502
     493
     456
     455
     441
     444
     450
     458
     429
     454
     425
     474
     430
     429
     492
     490
     441
     489
     437
     455
     476
     487
     444
     447
     419
     433
     407
     448
     472
     427
     429
     460
     488
     475
     441
     425
     438
     440
     429
     446
     457
     476
     468
     425
     454
     464
     427
     447
     404
     438
     420
     442
     430
     409
     462
     436
     434
     414
     420
     431
     441
     439
     447
     430
     452
     418
     423
     411
     395
     432
     426
     399
     412
     440
     415
     404
     403
     447
     370
     414
     406
     433
     416
     419
     400
     384
     397
     374
     427
     400
     396
     408
     420
     375
     406
     359
     416
     389
     399
     381
     374
     407
     374
     369
     382
     375
     390
     374
     385
     379
     391
     388
     403
     354
     397
     362
     350
     366
     317
     320
     348
     352
     337
     390
     385
     359
     353
     359
     379
     359
     381
     343
     369
     338
     384
     352
     343
     312
     333
     340
     317
     356
     365
     358
     363
     321
     335
     355
     341
     332
     323
     320
     337
     311
     312
     317
     343
     326
     331
     336
     338
     299
     330
     315
     310
     343
     332
     335
     317
     311
     340
     338
     323
     285
     295
     295
     299
     311
     314
     271
     330
     260
     249
     316
     265
     287
     285
     302
     285
     281
     282
     272
     284
     309
     308
     291
     305
     271
     299
     289
     273
     251
     262
     285
     273
     309
     241
     292
     277
     273
     239
     274
     278
     256
     276
     258
     250
     272
     284
     247
     283
     235
     255
     264
     269
     259
     233
     260
     234
     263
     242
     245
     237
     242
     246
     242
     248
     241
     262
     250
     241
     235
     240
     226
     225
     222
     224
     220
     222
     236
     271
     235
     237
     219
     240
     213
     220
     211
     222
     235
     243
     223
     217
     234
     202
     234
     250
     238
     209
     218
     220
     203
     216
     190
     216
     187
     232
     205
     217
     212
     223
     203
     199
     212
     177
     218
     198
     211
     200
     226
     199
     204
     220
     177
     172
     211
     198
     197
     201
     190
     204
     196
     210
     187
     177
     194
     177
     195
     196
     178
     204
     208
     195
     192
     186
     177
     195
     187
     220
     176
     155
     154
     180
     174
     151
     190
     169
     169
     193
     196
     160
     157
     189
     174
     169
     186
     167
     194
     182
     173
     175
     152
     185
     153
     171
     156
     170
     166
     165
     172
     154
     168
     167
     188
     180
     193
     162
     209
     180
     166
     187
     181
     172
     182
     147
     166
     161
     155
     173
     173
     136
     182
     178
     172
     146
     147
     146
     165
     144
     153
     153
     158
     160
     126
     176
     141
     175
     174
     165
     153
     155
     136
     160
     172
     158
     147
     156
     164
     153
     158
     151
     145
     133
     152
     146
     175
     148
     164
     162
     152
     162
     149
     154
     147
     159
     159
     127
     147
     169
     165
     135
     151
     139
     150
     142
     140
     149
     153
     150
     158
     138
     140
     162
     141
     124
     141
     135
     160
     164
     150
     145
     148
     162
     152
     171
     145
     144
     142
     134
     147
     143
     120
     155
     142
     140
     154
     149
     152
     146
     140
     141
     129
     139
     165
     174
     156
     137
     156
     151
     131
     134
     134
     141
     145
     135
     138
     149
     171
     128
     134
     152
     139
     154
     129
     132
     134
     149
     162
     144
     162
     133
     144
     142
     130
     147
     154
     151
     150
     158
     131
     126
     153
     138
     134
     150
     144
     143
     147
     133
     151
     139
     126
     137
     150
     144
     139
     153
     145
     127
     148
     134
     155
     155
     156
     144
     158
     142
     142
     151
     141
     139
     131
     139
     157
     138
     145
     158
     130
     152
     161
     189
     146
     157
     147
     167
     159
     135
     160
     142
     174
     149
     145
     141
     132
     161
     157
     168
     169
     140
     152
     163
     143
     130
     162
     175
     176
     159
     165
     152
     168
     167
     160
     173
     163
     160
     160
     152
     191
     154
     184
     207
     160
     172
     181
     175
     170
     173
     164
     188
     175
     183
     191
     165
     165
     158
     205
     193
     175
     165
     196
     196
     188
     170
     161
     203
     190
     195
     174
     214
     205
     175
     189
     211
     196
     219
     230
     223
     223
     240
     226
     212
     185
     180
     223
     219
     206
     208
     235
     235
     247
     216
     212
     231
     222
     218
     240
     241
     248
     224
     267
     237
     253
     267
     264
     274
     286
     265
     239
     254
     261
     235
     281
     262
     299
     293
     276
     288
     240
     291
     279
     264
     302
     288
     316
     279
     300
     276
     287
     328
     297
     320
     293
     315
     316
     327
     308
     315
     311
     318
     337
     362
     348
     299
     369
     363
     366
     385
     380
     357
     365
     374
     364
     385
     363
     415
     379
     362
     412
     409
     423
     428
     414
     424
     431
     418
     484
     500
     440
     504
     427
     468
     460
     474
     425
     490
     472
     509
     503
     480
     477
     492
     528
     518
     485
     522
     542
     520
     534
     568
     511
     602
     580
     558
     551
     568
     596
     627
     608
     582
     615
     588
     575
     636
     615
     646
     664
     696
     701
     671
     704
     677
     701
     732
     715
     721
     758
     731
     747
     761
     749
     744
     745
     716
     796
     801
     739
     730
     776
     837
     831
     858
     889
     836
     864
     838
     896
     886
     874
     864
     852
     889
     939
     980
     943
     947
     976
     994
     943
     913
     983
    1013
    1026
    1017
    1022
    1092
    1089
     991
    1079
    1094
    1066
    1091
    1110
    1137
    1078
    1119
    1104
    1180
    1134
    1155
    1250
    1260
    1199
    1212
    1223
    1207
    1282
    1257
    1238
    1261
    1264
    1274
    1323
    1294
    1364
    1334
    1406
    1344
    1397
    1472
    1335
    1407
    1423
    1414
    1429
    1407
    1509
    1451
    1452
    1458
    1504
    1499
    1580
    1494
    1530
    1608
    1624
    1588
    1613
    1577
    1594
    1613
    1691
    1594
    1648
    1682
    1676
    1579
    1610
    1616
    1656
    1696
    1776
    1725
    1728
    1632
    1720
    1777
    1799
    1772
    1810
    1829
    1804
    1785
    1887
    1816
    1839
    1845
    1913
    1883
    1813
    1858
    1874
    1942
    1860
    1924
    1839
    1935
    1954
    1979
    1991
    1945
    1987
    1955
    1945
    1980
    1931
    2014
    2072
    1985
    2057
    1941
    2073
    2071
    2077
    2042
    2074
    2079
    2068
    1958
    2164
    2044
    2104
    2112
    2023
    2054
    2051
    2124
    2081
    2096
    2074
    2149
    2103
    2217
    2153
    2254
    2037
    2115
    2111
    2081
    2126
    2189
    2151
    2074
    2124
    2167
    2128
    2200
    2176
    2225
    2183
    2149
    2084
    2063
    2184
    2138
    2151
    2161
    2140
    2163
    2190
    2208
    2186
    2139
    2189
    2119
    2125
    2100
    2124
    2101
    2092
    2249
    2207
    2101
    2083
    2136
    2098
    2051
    2139
    2100
    2053
    2122
    2112
    2079
    2019
    2055
    2026
    2049
    2014
    1981
    2049
    1995
    1944
    2083
    2032
    1980
    2006
    2022
    1954
    1950
    1952
    1899
    1886
    1878
    1925
    1987
    1804
    1866
    1870
    1944
    1880
    1840
    1933
    1853
    1881
    1840
    1773
    1846
    1800
    1844
    1754
    1805
    1767
    1763
    1746
    1785
    1721
    1728
    1710
    1682
    1703
    1672
    1630
    1712
    1668
    1695
    1653
    1590
    1620
    1599
    1517
    1582
    1559
    1553
    1577
    1576
    1544
    1482
    1536
    1466
    1418
    1495
    1414
    1481
    1366
    1426
    1389
    1377
    1305
    1342
    1367
    1362
    1363
    1350
    1267
    1219
    1323
    1237
    1221
    1241
    1228
    1172
    1170
    1187
    1213
    1184
    1205
    1186
    1089
    1102
    1139
    1157
    1108
    1079
    1100
    1016
    1077
    1037
    1010
    1028
    1033
     993
     958
     999
     976
     974
     970
     929
     890
     962
     921
     839
     897
     864
     883
     941
     867
     876
     856
     877
     837
     756
     820
     786
     774
     742
     703
     752
     717
     771
     761
     703
     736
     702
     709
     653
     655
     640
     646
     640
     622
     620
     580
     617
     592
     590
     566
     549
     593
     571
     531
     586
     515
     507
     548
     543
     547
     530
     498
     473
     537
     477
     446
     457
     482
     467
     461
     465
     429
     456
     421
     398
     421
     423
     414
     377
     388
     400
     379
     374
     379
     363
     340
     374
     356
     358
     341
     345
     312
     318
     305
     344
     297
     292
     258
     296
     303
     310
     294
     283
     294
     258
     310
     271
     300
     253
     255
     216
     241
     275
     250
     227
     214
     221
     227
     232
     214
     210
     226
     211
     222
     206
     218
     166
     193
     180
     181
     199
     180
     173
     182
     176
     189
     182
     158
     179
     177
     169
     187
     171
     154
     173
     159
     141
     158
     148
     151
     144
     147
     126
     137
     146
     141
     161
     141
     141
     152
     148
     146
     132
     144
     147
     119
     123
     117
     125
     127
     101
     118
     121
     129
     125
     130
     117
      94
     110
     118
     133
     126
     104
     105
     105
      88
      91
     109
     102
     118
      97
     124
      89
      85
     102
      91
     103
     113
     106
      91
     102
     102
     110
      90
     106
      89
      83
     106
      94
      91
      90
      91
     104
     102
      89
      71
      81
     104
      97
      86
      98
      97
     106
      98
      94
      92
      99
      89
      85
     101
     103
     104
      84
      82
      83
      76
      75
      95
      85
      87
     100
      73
      79
      73
      84
      96
      77
      99
      68
      73
      82
      82
      93
      81
      84
      79
      77
      95
     107
      82
      75
      75
      74
     100
      70
      93
      58
      67
      66
      75
      65
      73
      61
      75
      77
      76
      85
      86
      79
      70
      70
      73
      80
      85
      76
      71
      66
      75
      75
      75
      75
      60
      72
      80
      75
      76
      78
      85
      66
      76
      86
      77
      74
      70
      78
      68
      74
      67
      61
      89
      77
      51
      83
      74
      97
      75
      74
      74
      77
      75
      65
      67
      70
      70
      71
      72
      81
      79
      76
      69
      83
      78
      76
      70
      77
      70
      79
      77
      83
      73
      79
      76
      70
      75
      65
      81
      75
      79
      85
      66
      72
      62
      55
      62
      69
      76
      72
      84
      67
      85
      79
      65
      58
      78
      62
      61
      85
      68
      65
      78
      70
      75
      75
      63
      72
      74
      80
      63
      73
      74
      71
      85
      77
      73
      64
      77
      80
      55
      82
      79
      65
      57
      78
      76
      82
      71
      66
      74
      59
      72
      79
      65
      78
      79
      75
      71
      70
      84
      89
      78
      71
      65
      68
      86
      72
      76
      87
      76
      57
      47
      63
      77
      68
      85
      75
      69
      70
      61
      64
      88
      81
      62
      81
      59
      67
      75
      79
      58
      72
      88
      64
      73
      83
      67
      50
      66
      68
      75
      73
      82
      70
      75
      65
      70
      74
      74
      64
      80
      70
      65
      70
      77
      66
      74
      72
      64
      67
      74
      79
      76
      66
      70
      80
      80
      78
      67
      80
      71
      71
      67
      58
      71
      69
      69
      70
      88
      71
      78
      77
      68
      64
      75
      75
      71
      72
      70
      68
      71
      58
      63
      81
      83
      65
      82
      70
      62
      81
      80
      66
      76
      87
      75
      73
      52
      77
      81
      80
      88
      74
      71
      82
      70
      75
      82
      75
      84
      87
      68
      71
      73
      83
      84
      72
      84
      63
      71
      65
      72
      72
      99
      97
      77
      76
      90
      78
      75
      81
      76
      68
      76
      72
      78
      61
      77
      84
      70
      69
      83
      76
      78
      73
      75
      85
      68
      67
      78
      74
      76
      70
      79
      78
      84
      72
      56
      76
      86
      64
      67
      91
      65
      76
      92
      91
      77
      81
      80
      77
      80
      72
      68
      92
      63
      70
      73
      65
      83
      63
      65
      81
      60
      90
      94
      85
      66
      81
      84
      93
      84
      82
      86
      81
      80
      68
      75
      68
      90
      70
      96
      93
      82
      92
      85
      80
      65
      78
      77
      78
      85
      80
      82
      71
      95
      75
      78
      82
      83
      68
      81
      92
      84
      76
      88
      63
      88
      87
      61
      91
      74
      73
      74
      81
      80
      77
      83
      70
      75
      78
      71
      83
      66
      84
      67
      79
      81
      69
      68
      81
      85
      77
      53
      90
      85
      79
      81
      76
      71
      75
      71
      83
      75
      75
      68
      77
      72
      71
      75
      75
      88
      67
      75
      60
      67
      72
      68
      74
      64
      76
      79
      74
      77
      76
      78
      80
     102
      74
      75
      60
      85
      66
      89
      90
      66
      81
      76
      78
      85
      87
      73
      72
      84
      94
      66
      76
      86
      76
      60
     101
      66
      71
      79
      75
      69
      92
      69
      74
      77
      65
      83
      75
      79
      58
      65
      74
      73
      76
      66
      81
      74
      70
      69
      70
      93
      78
      67
      64
      71
      94
      87
      64
      81
      65
      90
      81
      73
      83
      64
      85
      68
      75
      87
      85
      70
      63
      77
      82
      68
      69
      75
      95
      76
      71
      83
      59
      86
      74
      79
      58
      85
      64
      65
      76
      83
      74
      74
      62
      76
      71
      72
      75
      65
      69
      65
      83
      66
      76
      70
      62
      83
      61
      78
      67
      69
      74
      72
      69
      64
      74
      71
      67
      76
      79
      77
      81
      89
      65
      60
      63
      65
      64
      65
      69
      69
      52
      64
      69
      70
      65
      65
      69
      63
      71
      62
      55
      68
      64
      61
      65
      76
      73
      70
      63
      73
      69
      63
      65
      66
      63
      67
      63
      70
      60
      52
      63
      85
      62
      74
      60
      67
      66
      69
      63
      61
      61
      63
      63
      59
      77
      67
      78
      60
      77
      68
      60
      64
      65
      60
      81
      49
      57
      66
      71
      65
      78
      69
      59
      67
      61
      75
      62
      78
      61
      55
      66
      78
      56
      76
      48
      72
      58
      50
      74
      67
      63
      61
      65
      72
      70
      79
      65
      63
      69
      59
      73
      61
      58
      58
      76
      62
      52
      60
      66
      48
      63
      53
      58
      49
      62
      54
      52
      43
      66
      63
      47
      56
      53
      64
      69
      66
      53
      55
      63
      50
      56
      52
      53
      63
      58
      61
      70
      54
      64
      57
      53
      78
      68
      61
      76
      57
      50
      52
      51
      58
      57
      50
      54
      64
      65
      55
      74
      61
      42
      61
      69
      54
      66
      65
      46
      64
      67
      52
      71
      59
      48
      63
      59
      66
      63
      57
      48
      77
      56
      49
      57
      55
      60
      41
      64
      73
      47
      52
      49
      55
      54
      52
      38
      49
      51
      50
      46
      41
      48
      59
      57
      45
      54
      49
      58
      48
      55
      46
      43
      64
      45
      49
      46
      45
      51
      62
      47
      45
      38
      48
      46
      54
      66
      55
      65
      50
      51
      39
      52
      48
      53
      60
      68
      49
      50
      58
      58
      43
      52
      63
      36
      52
      58
      48
      47
      40
      51
      47
      46
      39
      49
      54
      62
      61
      38
      43
      53
      47
      51
      46
      58
      61
      52
      53
      46
      43
      50
      38
      42
      46
      56
      49
      49
      38
      37
      38
      38
      44
      53
      42
      41
      33
      55
      53
      42
      44
      51
      42
      54
      57
      45
      44
      46
      43
      41
      40
      46
      42
      41
      47
      50
      44
      36
      45
      49
      50
      53
      44
      37
      52
      38
      45
      51
      44
      33
      33
      37
      46
      31
      47
      53
      39
      23
      29
      35
      34
      46
      47
      40
      27
      36
      38
      46
      55
      29
      41
      41
      35
      33
      43
      37
      42
      35
      42
      29
      30
      41
      37
      36
      39
      36
      41
      49
      30
      42
      25
      30
      42
      35
      41
      39
      38
      39
      30
      35
      41
      46
      48
      34
      35
      29
      37
      32
      39
      42
      41
      33
      26
      40
      30
      33
      27
      47
      40
      29
      37
      33
      36
      38
      39
      30
      35
      31
      30
      26
      32
      33
      34
      31
      36
      28
      36
      26
      32
      30
      40
      23
      30
      35
      37
      28
      34
      22
      30
      32
      33
      30
      24
      32
      33
      33
      39
      27
      42
      31
      30
      38
      42
      37
      32
      33
      25
      20
      32
      28
      26
      31
      37
      32
      26
      16
      32
      28
      28
      22
      42
      36
      37
      33
      27
      35
      36
      34
      16
      24
      23
      20
      31
      19
      30
      26
      36
      30
      36
      23
      19
      39
      23
      20
      23
      29
      21
      28
      28
      20
      34
      24
      23
      27
      35
      26
      26
      23
      28
      28
      28
      22
      28
      29
      26
      27
      21
      22
      20
      26
      31
      21
      26
      18
      24
      22
      30
      37
      18
      27
      28
      21
      21
      14
      25
      23
      25
      24
      28
      31
      29
      22
      27
      22
      30
      18
      22
      31
      32
      22
      17
      25
      24
      19
      23
      30
      26
      24
      36
      20
      21
      28
      25
      22
      22
      15
      22
      22
      23
      22
      24
      32
      29
      15
      20
      32
      28
      20
      33
      24
      26
      26
      23
      18
      28
      37
      29
      30
      21
      28
      26
      19
      31
      16
      24
      22
      34
      16
      21
      21
      32
      36
      21
      25
      20
      19
      18
      19
      23
      20
      17
      25
      26
      28
      20
      29
      21
      22
      20
      31
      36
      19
      26
      23
      20
      27
      18
      30
      26
      21
      15
      31
      19
      32
      25
      22
      34
      27
      20
      27
      18
      26
      26
      26
      27
      31
      24
      24
      31
      27
      24
      27
      34
      24
      28
      28
      30
      35
      23
      29
      35
      20
      20
      27
      24
      22
      18
      20
      39
      38
      33
      25
      23
      17
      25
      21
      23
      30
      26
      29
      33
      18
      35
      47
      29
      23
      27
      29
      30
      19
      26
      30
      25
      33
      28
      27
      24
      27
      29
      24
      36
      25
      34
      23
      33
      31
      28
      29
      28
      36
      30
      22
      26
      39
      32
      35
      30
      30
      29
      34
      28
      34
      26
      25
      35
      32
      30
      40
      36
      42
      24
      37
      42
      39
      33
      37
      37
      36
      47
      41
      30
      39
      35
      39
      49
      51
      35
      37
      43
      40
      43
      56
      36
      38
      43
      40
      42
      45
      38
      43
      41
      44
      28
      43
      45
      30
      45
      41
      40
      46
      45
      45
      40
      48
      38
      40
      51
      42
      46
      53
      43
      48
      54
      50
      50
      50
      55
      55
      49
      50
      51
      43
      53
      63
      43
      46
      42
      52
      50
      42
      59
      51
      54
      53
      49
      49
      59
      56
      63
      64
      52
      51
      71
      52
      57
      51
      63
      72
      60
      70
      63
      55
      64
      60
      65
      54
      56
      58
      59
      62
      66
      70
      59
      63
      60
      83
      68
      68
      51
      65
      53
      71
      73
      62
      70
      62
      78
      80
      74
      63
      70
      60
      86
      75
      70
      70
      92
      87
      75
      97
      75
      75
      75
      83
      66
      65
      73
      83
      76
      93
      85
      86
      91
      85
      75
      71
      72
      81
      83
      88
      85
      84
      75
      85
      93
     100
      85
      99
      78
      91
      85
      81
      90
     115
      82
      94
     100
      83
      83
      74
      87
      79
      83
      95
     108
     108
      88
      89
      86
     105
      79
     101
      94
      91
     106
     126
     106
      78
     100
     124
      91
     109
     102
      98
     104
     105
     106
      96
      94
     115
     108
     114
     112
      97
     114
      97
      97
     131
      97
      86
     104
      95
     116
     101
     113
     111
     114
     116
     116
     107
     110
     112
     114
     119
     115
     126
     110
     122
     120
     109
     107
     113
      97
     117
      97
     122
     120
     113
     102
      98
     134
     111
     119
     122
     115
     125
     126
     102
     121
     109
     112
     124
     120
     103
     131
     113
     112
     119
     112
     123
     112
     118
     115
     123
     110
     125
     114
     117
     111
     125
     115
     116
     106
     117
     131
     103
     115
     133
     110
     133
     123
     105
     110
     118
     130
      96
     121
     126
     126
     110
     125
     129
     129
     111
      95
     112
      99
     117
     101
     123
     112
     115
     119
     110
     107
      98
     122
      97
     122
     119
     105
     106
     103
     110
     108
      82
     111
     118
     117
     103
     101
     118
      98
     100
     102
      94
     103
     107
     117
     112
     109
     120
     119
     107
      90
     106
     115
     112
     114
     102
     109
     104
     106
      97
      96
     105
     102
      82
      99
     108
     104
      85
     105
      93
      83
     103
      83
      99
      97
      95
      85
      93
      96
      96
      92
     102
      77
      89
      90
      80
     103
      89
      85
      78
      79
      90
      87
      82
      94
      94
      91
      91
      85
      79
      65
      93
     107
      87
      74
      80
      72
      56
      80
      85
      68
      75
      78
      71
      55
      60
      75
      79
      63
      55
      68
      76
      83
      69
      67
      68
      66
      67
      66
      71
      66
      57
      60
      53
      71
      59
      60
      63
      53
      69
      56
      57
      61
      50
      57
      68
      65
      59
      56
      65
      36
      59
      60
      61
      53
      54
      59
      40
      56
      58
      45
      56
      53
      46
      45
      50
      58
      52
      65
      57
      53
      44
      51
      50
      45
      44
      37
      39
      45
      41
      32
      40
      43
      42
      38
      37
      39
      54
      36
      28
      37
      27
      38
      33
      41
      39
      39
      43
      35
      44
      26
      22
      31
      29
      29
      35
      24
      26
      29
      17
      27
      29
      25
      30
      22
      25
      19
      25
      18
      22
      23
      24
      37
      30
      22
      24
      16
      26
      26
      20
      28
      30
      16
      23
      13
      20
      36
      21
      16
      16
      15
      27
      13
      17
      26
      17
      13
      24
      15
      17
      14
      14
      12
      16
      21
      14
      17
      14
      12
      17
      20
      24
      15
      12
      13
      11
      15
      16
      20
      16
      27
      11
      13
      11
      16
       9
      13
      13
      14
       8
       6
      18
       8
       9
      16
      18
      21
      12
      11
       9
      11
      12
       4
      11
       5
       8
      10
       9
       9
      12
       5
       7
       9
      12
      12
      13
       9
      13
      13
      11
      11
      13
       7
       5
       8
       9
       4
       7
       4
      10
      11
       6
       7
       4
       6
       3
       5
       4
      13
       8
       8
       8
      11
       5
       3
       9
       8
       5
       6
       7
       7
       5
       4
       7
       7
       3
       4
       5
       3
       5
       4
       3
       8
       5
       3
       3
       7
       7
       7
       6
       4
       9
       4
       3
       9
       3
       5
       6
       1
       2
       5
       3
       4
       4
       2
       6
       6
       3
       7
       4
      11
       1
       5
       3
       2
       8
       3
       4
       2
       1
       8
       1
       4
       5
       1
       2
       7
       3
       6
       2
       3
       1
       7
       4
       6
       6
       1
       5
       4
       4
       3
       3
       4
       4
       4
       2
       2
       3
       4
       5
       1
       7
       2
       1
       5
       4
       6
       4
       4
       2
       3
       2
       7
       2
       2
       2
       4
       3
       4
       2
       3
       1
       4
       6
       2
       2
       3
       1
       2
       4
       4
       1
       1
       3
       5
       5
       3
       6
       6
       1
       1
       6
       2
       5
       2
       4
       1
       3
       3
       5
       7
       6
       1
       1
       4
       4
       2
       0
       2
       1
       3
       3
       6
       1
       5
       3
       2
       4
       4
       2
       3
       3
       3
       0
       5
       4
       3
       3
       2
       6
       3
       4
       2
       1
       3
       0
       1
       1
       6
       1
       4
       3
       3
       1
       4
       1
       3
       1
       4
       3
       1
       6
       2
       2
       4
       3
       1
       4
       3
       1
       4
       3
       7
       1
       3
       4
       4
       4
       4
       5
       5
       2
       3
       4
       5
       0
       2
       6
       3
       8
       1
       5
       2
       5
       0
       3
       1
       1
       1
       2
       4
       1
       2
       0
       2
       5
       4
       2
       3
       2
       1
       3
       3
       2
       3
       4
       4
       2
       2
       3
       2
       2
       6
       2
       3
       1
       4
       3
       4
       2
       3
       5
       0
       1
       5
       2
       1
       5
       0
       3
       3
       4
       6
       3
       3
       7
       3
       1
       5
       3
       1
       1
       0
       3
       3
       4
       3
       1
       2
       4
       3
       3
       1
       2
       3
       3
       1
       2
       4
       1
       4
       2
       2
       3
       4
       3
       3
       5
       2
       5
       4
       1
       3
       3
       4
       3
       2
       0
       1
       7
       3
       1
       2
       4
       2
       4
       6
       1
       2
       6
       1
       1
       2
       2
       2
       1
       3
       2
       0
       2
       2
       5
       3
       2
       3
       5
       3
       6
       2
       2
       1
       5
       1
       1
       2
       1
       1
       3
       5
       3
       2
       2
       5
       5
       4
       1
       1
       4
       4
       2
       6
       5
       5
       0
       3
       3
       0
       0
       4
       3
       4
       2
       3
       1
       1
       3
       1
       3
       0
       0
       1
       1
       5
       4
       3
       3
       2
       3
       3
       2
       3
       6
       2
       1
       2
       2
       3
       1
       1
       1
       0
       7
       4
       1
       1
       1
       2
       2
       2
       3
       4
       1
       2
       4
       2
       2
       3
       1
       5
       2
       5
       4
       3
       4
       3
       4
       2
       2
       1
       2
       1
       4
       1
       1
       3
       3
       3
       1
       3
       2
       2
       4
       1
       1
       4
       1
       0
       4
       3
       4
       2
       2
       1
       1
       3
       1
       3
       1
       2
       4
       1
       5
       2
       0
       1
       3
       5
       1
       1
       0
       1
       2
       4
       1
       1
       2
       3
       1
       2
       3
       1
       0
       3
       0
       0
       0
       3
       4
       3
       2
       0
       2
       1
       2
       1
       3
       2
       2
       1
       1
       0
       0
       1
       3
       2
       1
       2
       2
       6
       1
       2
       2
       2
       3
       3
       0
       2
       1
       1
       3
       1
       1
       4
       1
       5
       2
       1
       1
       0
       2
       2
       6
       0
       2
       1
       0
       2
       2
       0
       0
       0
       1
       0
       2
       2
       4
       4
       2
       3
       1
       1
       2
       2
       1
       2
       3
       2
       5
       3
       2
       1
       2
       2
       2
       1
       3
       1
       1
       1
       2
       1
       1
       0
       0
       1
       0
       3
       3
       1
       4
       3
       2
       1
       3
       2
       2
       1
       1
       2
       0
       1
       1
       1
       1
       0
       0
       1
       0
       0
       1
       4
       1
       0
       2
       4
       0
       0
       1
       2
       2
       0
       1
       0
       3
       2
       1
       1
       7
       0
       4
       2
       3
       5
       2
       4
       2
       3
       0
       1
       1
       2
       5
       0
       1
       1
       0
       1
       2
       2
       2
       2
       5
       2
       1
       3
       3
       2
       2
       1
       1
       1
       1
       2
       2
       2
       3
       1
       1
       2
       3
       2
       2
       1
       4
       1
       3
       0
       5
       2
       0
       3
       0
       3
       1
       1
       6
       3
       2
       1
       0
       1
       2
       3
       0
       0
       2
       4
       2
       1
       2
       2
       1
       3
       2
       0
       0
       3
       3
       4
       3
       1
       2
       0
       1
       0
       1
       3
       2
       1
       1
       1
       0
       1
       3
       0
       1
       1
       1
       3
       2
       4
       1
       1
       1
       1
       4
       0
       2
       3
       6
       4
       5
       1
       3
       2
       1
       0
       3
       0
       2
       2
       0
       3
       2
       2
       1
       2
       2
       2
       3
       4
       0
       1
       3
       0
       1
       2
       2
       1
       1
       0
       0
       2
       2
       2
       1
       2
       2
       2
       3
       2
       2
       0
       2
       2
       2
      10
       0
       3
       2
       1
       1
       3
       1
       0
       2
       3
       3
       1
       2
       3
       2
       1
       2
       3
       6
       3
       1
       1
       1
       4
       1
       4
       2
       1
       1
       1
       1
       2
       2
       4
       0
       1
       2
       0
       1
       0
       1
       0
       1
       1
       2
       2
       0
       2
       3
       2
       2
       3
       1
       1
       3
       0
       3
       2
       1
       3
       0
       3
       2
       4
       2
       1
       1
       0
       2
       2
       3
       1
       2
       1
       2
       1
       1
       3
       1
       1
       2
       2
       1
       1
       1
       4
       3
       3
       0
       1
       3
       2
       2
       0
       0
       1
       4
       1
       2
       1
       2
       0
       1
       0
       1
       2
       1
       1
       0
       2
       5
       2
       2
       3
       0
       3
       0
       1
       4
       4
       3
       2
       2
       2
       0
       1
       1
       0
       1
       3
       1
       2
       2
       2
       0
       0
       3
       1
       1
       0
       1
       1
       1
       3
       2
       1
       0
       2
       2
       2
       1
       1
       1
       2
       1
       3
       3
       1
       0
       1
       2
       1
       1
       0
       0
       3
       2
       2
       0
       0
       0
       2
       2
       0
       1
       1
       1
       0
       2
       1
       1
       2
       0
       0
       1
       2
       1
       2
       3
       5
       1
       2
       2
       0
       1
       4
       3
       1
       2
       1
       2
       0
       0
       0
       1
       1
       3
       4
       0
       0
       0
       2
       1
       0
       1
       2
       1
       2
       2
       1
       1
       2
       0
       0
       0
       2
       2
       1
       1
       1
       0
       1
       0
       1
       2
       1
       0
       0
       1
       2
       2
       0
       1
       3
       0
       2
       1
       5
       0
       1
       0
       0
       4
       1
       1
       2
       2
       1
       1
       1
       2
       2
       2
       2
       1
       2
       1
       2
       2
       0
       0
       0
       0
       0
       0
       0
       0
       0
       0
       0
       0
       0
       0
       0
       0
       0
       0
       0
       0
       0
       0
       0
       0
       0
       0
       0
       0
       0
       0
       0
       0
       0
       0
       0
       0
       0
       0
       0
       0
       0
       0
       0
       0
       0
       0
       0
       0
       0
       0
       0
       0
       0
       0
       0
       0
       0
       0
       0
       0
       0
       0
       0
       0
       0
       0
       0
       0
       0
       0
       0
       0
       0
       0
       0
       0
       0
       0
       0
       0
       0
       0
       0
       0
       0
       0
       0
       0
       0
       0
       0
       0
       0
       0
       0
       0
       0
       0
       0
       0
       0
       0
       0
       0
       0
       0
       0
       0
       0
       0
       0
       0
       0
       0
       0
       0
       0
       0
       0
       0
       0
       0
       0
       0
       0
       0
       0
       0
       0
       0
       0
$ROI:
0
$PRESETS:
None
0
0
$ENER_FIT:
0.000000 0.000000
$MCA_CAL:
3
0.000000E+000 0.000000E+000 0.000000E+000 
$SHAPE_CAL:
3
0.000000E+000 0.000000E+000 0.000000E+000
