$SPEC_ID:
No sample description was entered.
$SPEC_REM:
DET# 1
DETDESC# DESKTOP-PNQJTCJ Easy-MCA-8k SN 09161357
AP# Maestro Version 7.01
$DATE_MEA:
05/07/2024 11:03:03
$MEAS_TIM:
712 716
$DATA:
0 8191
       0
       0
       0
       0
       0
       0
       0
       0
       0
       0
       0
       0
       0
       0
       0
       0
       0
       0
       0
       0
       0
       0
       0
       0
       0
       0
       0
       0
       0
       0
       0
       0
       0
       0
       0
       0
       0
       0
       0
       0
       0
       0
       0
       0
       0
       0
       0
       0
       0
       0
       0
       0
       0
       0
       0
       0
       0
       0
       0
       2
       0
       1
       2
       0
       2
       0
       4
       4
      22
      60
      71
      73
      70
      49
      65
      62
      69
      72
      52
      75
      75
      78
      64
      71
      62
      67
      92
      73
      76
      71
      73
      69
      59
      88
      75
      79
      69
      88
      77
      85
      78
      81
      72
      64
      79
      70
      78
      87
      84
      81
      69
      79
      71
      69
      83
      86
      74
      61
      71
      85
      77
      57
      81
      72
      76
     100
      74
      77
      78
      78
      72
      85
      95
      93
      78
      80
      93
      87
      80
      75
      85
      80
      79
      79
      89
     102
      72
     100
      82
      73
      88
      98
      93
      75
      91
      81
      91
      86
      81
      85
      72
      82
      62
      81
      86
      78
      84
      95
      77
      82
      91
      72
      94
      78
      89
      82
     105
      91
     105
      83
     104
     103
      87
      87
     100
      84
      69
     101
     110
      95
      93
      77
      93
      89
      82
      88
      96
      88
      78
      99
      77
      86
      86
      92
      92
      90
     106
      93
      94
      76
      83
      92
      89
      96
      80
      86
     103
      75
      81
      92
      82
      78
      81
      93
      92
     101
      95
      80
      80
      99
      76
     103
     110
      81
      85
      87
      87
      62
      87
      85
      74
     101
      81
      91
      85
      70
      87
      85
      93
      71
      98
      89
      86
      83
      79
      70
      87
      88
      81
      79
      93
      88
      81
      82
      85
      90
      74
      78
      93
      94
      90
      83
     101
      98
      83
      92
      88
      80
      76
      89
      95
      93
      97
     119
      93
      97
     124
     100
     122
     125
     100
     108
     134
     142
     124
     136
     143
     123
     147
     134
     135
     129
     157
     176
     170
     169
     165
     160
     163
     175
     190
     168
     177
     184
     184
     181
     189
     185
     181
     190
     204
     195
     179
     221
     188
     193
     189
     182
     195
     205
     175
     152
     166
     161
     194
     157
     142
     173
     158
     161
     146
     148
     139
     156
     134
     139
     170
     131
     145
     141
     148
     122
     162
     120
     136
     126
     149
     147
     119
     127
     132
     131
     127
     138
     121
     127
     144
     109
     144
     139
     141
     126
     116
     119
     130
     131
     136
     122
     115
     109
     115
     125
     105
     114
     109
     109
     125
     102
     106
     113
     107
      95
      95
     110
     104
     107
      97
     110
     101
     115
      97
      93
     101
      83
     107
      94
      89
      90
      95
     108
      97
     111
      73
     107
      89
      90
      96
      97
      88
     101
      89
      99
      83
      97
      89
      87
      88
     110
      94
      93
      97
      92
      92
     106
      90
     103
     109
      94
      91
      92
      90
      98
      89
      94
      88
      94
      91
      98
      88
      75
      83
     114
     102
     107
      96
      94
     102
      85
      96
     110
     108
      96
     104
     110
      90
      94
      99
     124
     112
      82
     106
      98
     108
      95
     102
     106
      72
     103
     118
     101
     104
      93
     111
      96
     102
      95
      78
     112
     107
     109
     114
     112
      92
     136
      91
     116
     106
      89
     102
     116
      93
     124
     113
      93
     111
      97
     108
     104
     112
     116
      98
     100
     102
     100
      98
     115
      90
     108
     113
     106
     106
     127
     108
     117
     101
     113
     112
     107
     120
     117
     120
     114
     105
     105
      82
     114
     119
     110
     115
     128
     112
     115
     106
     106
     119
     123
     124
     111
     113
     107
     114
     124
     121
     118
     140
     131
     130
     125
     107
     112
     132
     136
     116
     114
     124
     117
     131
     121
     105
     132
     128
     123
     105
     115
     119
     138
     131
     128
     107
     113
     121
     116
     116
     131
     125
     103
     127
     122
     143
     107
     113
     131
     117
     125
     107
     120
     123
     131
     120
     105
     129
     133
     120
     121
     156
     124
     130
     134
     132
     116
     124
     111
     111
     106
     110
     105
     124
     123
     122
     131
     130
     123
     136
     138
     146
     109
     117
     117
     124
     129
     124
     121
     113
     119
     101
     133
     122
     118
     145
     155
     128
     116
     123
     108
     123
     130
     121
     113
     105
     110
     148
     129
     124
     121
     136
     134
     134
     131
     126
     130
     108
     138
     127
     140
     121
     150
     110
     108
     134
     125
     128
     117
     116
     123
     143
     134
     112
     113
     134
     135
     140
     119
     135
     113
     127
     146
     128
     144
     146
     137
     128
     126
     115
     121
     138
     110
     136
     152
     127
     137
     138
     150
     138
     141
     120
     146
     124
     132
     130
     124
     128
     127
     115
     130
     145
     117
     118
     149
     125
     121
     156
     136
     132
     130
     159
     123
     129
     145
     124
     141
     135
     116
     134
     127
     121
     123
     135
     128
     130
     149
     121
     159
     130
     167
     148
     142
     119
     113
     146
     123
     113
     154
     132
     129
     145
     139
     149
     135
     129
     121
     142
     129
     151
     138
     159
     130
     124
     115
     152
     132
     143
     144
     135
     143
     150
     123
     124
     148
     125
     132
     128
     140
     130
     150
     126
     131
     147
     150
     134
     137
     153
     146
     139
     162
     151
     155
     142
     169
     129
     118
     160
     158
     155
     157
     151
     120
     129
     152
     141
     145
     130
     137
     157
     145
     138
     160
     151
     152
     188
     143
     157
     142
     144
     134
     171
     152
     152
     172
     164
     160
     135
     170
     173
     180
     169
     164
     175
     146
     168
     169
     167
     170
     171
     184
     191
     182
     188
     170
     182
     174
     177
     207
     156
     158
     173
     182
     178
     171
     162
     168
     194
     167
     184
     181
     181
     176
     170
     150
     180
     160
     165
     170
     178
     197
     184
     185
     170
     209
     194
     174
     195
     172
     187
     180
     179
     176
     208
     168
     186
     189
     161
     202
     194
     195
     200
     181
     172
     168
     193
     200
     210
     190
     213
     179
     190
     185
     178
     194
     191
     181
     179
     179
     200
     182
     187
     190
     195
     174
     202
     196
     174
     208
     193
     182
     182
     183
     190
     179
     198
     188
     167
     182
     174
     182
     188
     154
     187
     151
     171
     178
     159
     164
     162
     157
     189
     199
     168
     186
     161
     161
     161
     198
     157
     167
     189
     182
     177
     170
     200
     208
     189
     196
     162
     184
     165
     169
     171
     165
     166
     171
     174
     174
     183
     176
     197
     187
     175
     153
     175
     174
     176
     178
     180
     164
     170
     165
     164
     176
     179
     187
     154
     157
     185
     161
     152
     164
     173
     165
     185
     177
     155
     179
     173
     169
     177
     160
     166
     187
     166
     168
     194
     167
     172
     166
     190
     159
     163
     154
     164
     156
     164
     161
     180
     164
     174
     155
     171
     183
     176
     173
     175
     174
     162
     160
     176
     146
     165
     159
     160
     182
     131
     176
     166
     153
     151
     157
     162
     164
     176
     171
     151
     165
     149
     166
     167
     168
     144
     143
     159
     166
     166
     144
     169
     151
     148
     198
     171
     154
     162
     161
     146
     150
     162
     163
     152
     142
     149
     154
     151
     143
     150
     147
     135
     161
     144
     138
     154
     152
     142
     142
     173
     159
     156
     158
     143
     148
     145
     148
     171
     156
     143
     168
     172
     150
     152
     144
     168
     154
     176
     147
     134
     131
     151
     163
     151
     147
     141
     137
     143
     150
     146
     134
     129
     136
     171
     152
     151
     152
     134
     156
     130
     161
     137
     160
     143
     141
     148
     135
     173
     142
     124
     140
     164
     140
     154
     153
     157
     142
     163
     161
     153
     130
     147
     147
     140
     134
     119
     131
     153
     166
     147
     137
     123
     120
     164
     142
     146
     138
     155
     137
     159
     130
     168
     144
     134
     165
     145
     158
     157
     149
     107
     142
     162
     145
     141
     146
     161
     119
     126
     143
     133
     138
     158
     138
     129
     142
     145
     149
     157
     149
     152
     150
     134
     143
     152
     133
     134
     132
     148
     129
     165
     140
     139
     140
     148
     154
     132
     125
     126
     149
     125
     139
     131
     144
     128
     125
     117
     131
     137
     135
     131
     129
     140
     129
     118
     137
     144
     135
     123
     139
     144
     142
     129
     115
     151
     121
     115
      97
     151
     139
     141
     130
     139
     123
     141
     133
     126
     147
     132
     132
     132
     131
     129
     137
     125
     122
     142
     109
     160
     146
     135
     135
     124
     112
     145
     147
     124
     128
     131
     123
     119
     135
     130
     149
     136
     114
     122
     140
     133
     106
     141
     132
     134
     127
     136
     129
     115
     119
     136
     124
     132
     139
     118
     121
     121
     125
     128
     121
     107
     104
     134
     122
     120
     128
     117
     143
     122
     147
     126
     128
     131
     123
     116
     142
     130
     124
     117
     122
     120
     136
     125
     132
     143
     140
     131
     138
     130
     127
     115
     136
     112
     145
     125
     132
     120
     136
     122
     132
     113
     110
     103
     140
     110
     148
     131
     118
     147
     128
     125
     132
     121
     130
     123
     102
     115
     127
     123
     108
     102
     101
     109
     109
     117
     114
     117
     133
     135
     142
     103
     133
     119
     113
     116
     111
     127
     125
     123
     111
     105
     120
     134
     134
     106
     124
     113
     112
     106
     103
     117
     129
     140
     117
     118
     111
      92
     113
     116
     118
     110
     129
     127
      98
     111
     125
     115
     115
     110
      97
     123
     117
     116
     101
     131
     115
     129
     112
     109
     128
     118
     121
     106
      99
     107
     115
     108
     111
     117
     100
     117
     115
      95
     107
     104
     106
     126
     124
     115
     106
     101
      96
      95
     109
     103
     101
     115
     116
     128
     109
     117
      96
     100
     100
     112
     118
     100
     121
     101
     102
     119
     109
     122
     112
     104
     107
      93
     120
     112
     111
     104
      92
     109
     117
     116
     111
      99
     119
     122
      95
      95
     116
     104
      90
     111
      97
     110
     111
     108
      88
     104
      98
     112
      98
     115
     108
     116
     122
     122
     120
      94
      94
     101
      89
      92
     120
     108
     109
     100
     129
     125
     101
     112
     123
     101
     101
     109
     135
     115
     112
     100
     103
     131
     118
     104
      97
     110
      92
     101
     107
     114
     115
     121
     100
      87
     113
     126
     111
     102
     102
     109
     113
     112
      99
     108
      99
     107
     103
     104
     102
     104
     109
      99
      86
      97
      98
     111
      91
      88
     101
      97
     112
     111
     108
     108
      99
     118
     118
      95
     109
      94
     115
      96
     107
      92
     109
     100
     103
      95
      97
     117
     116
     102
     104
      99
     105
      88
      93
      94
     103
      99
      94
     120
      95
     107
     123
     102
     107
      95
      84
     101
      94
     102
     104
      99
     109
     115
     109
     108
     107
      88
     111
     100
     106
     104
      99
      85
      93
     106
     109
     104
     112
      95
      98
      87
      94
      99
      97
     101
      85
     115
     101
     106
     102
      99
      93
     135
     109
     105
      95
      93
     103
     103
      80
     101
     101
     107
     104
      95
      85
      99
     102
     107
      92
      84
     105
      95
      80
     107
     112
      95
     100
     102
     100
     101
      82
      96
     101
     106
      92
      99
      96
     108
     109
      85
      92
      99
     109
      96
      90
     100
     112
     102
     105
      92
     100
      90
     104
     111
     109
      85
     102
     109
      94
      87
      88
     111
      97
     114
      84
      91
     105
     108
     100
      90
      95
      79
     100
     103
      86
      88
     103
     106
      96
      84
      87
      83
      99
     100
     118
      90
      89
     102
     107
      90
      83
     101
      87
     103
      95
      90
      96
     102
     105
      92
     110
      95
      89
      83
     103
     101
      75
      91
      91
      72
     106
     102
      89
     105
     107
     107
      75
     103
      97
     102
      93
      68
      91
      97
      85
     101
      97
      92
      99
     102
     106
     110
      86
      99
      81
     107
     101
     102
     104
      86
      96
     100
      86
      85
      81
      87
      72
      88
     111
      80
      94
      86
      85
      89
      98
     100
     118
     106
      70
     131
      89
      86
      64
     106
      87
      97
     107
      99
      89
      94
      73
      89
      98
      90
      83
      94
      89
      85
     102
      94
     100
      96
      85
      79
      99
      99
     109
      78
      93
      99
     102
      94
      87
      89
      85
      90
     100
      74
      89
      84
     100
      80
     100
      82
     109
     103
      88
     105
     106
     108
      85
      88
      83
      96
     106
      91
     101
      81
      98
      91
      92
      87
      86
      84
     102
     101
     104
      85
      89
      77
      90
     103
     111
      87
     116
      90
      96
      96
      99
      76
     102
     111
     101
      98
      94
      91
      90
      72
      85
      92
      82
      94
      90
      85
      83
      95
      98
      91
      85
     100
      88
      86
      91
      98
      99
      82
      73
      87
     104
     109
     100
      88
      97
      97
      84
      94
      88
     102
      89
      99
      97
      99
      98
      92
      85
     101
      66
      98
      76
      86
      98
     115
      98
      90
      90
      93
      96
      95
      96
      96
      86
      82
     112
     103
      76
      80
      97
      85
      95
     107
      85
      91
      96
      97
      99
      89
      94
      83
      91
      93
      84
      96
      89
      95
      96
     107
      74
      85
      83
      66
      83
     103
      93
      91
      98
     101
      86
      96
      81
     112
     105
      78
      82
      83
      91
      96
     100
      93
      87
      98
      93
      75
      92
      79
      89
      99
      89
      81
      76
     101
      74
      88
      82
      71
      91
      84
      83
      77
      89
      81
      80
      83
      93
      84
      82
      77
     101
      76
      77
      72
      89
     102
      74
      83
      74
      72
      84
      81
      91
      75
      91
      80
      95
      84
      88
      96
      72
      78
      70
      88
      94
      93
      77
      93
      69
      87
      86
     101
      88
      86
      70
      86
      74
      71
      87
      67
      74
      81
      84
      75
      76
      80
      80
      74
      84
      71
      69
      85
      84
      85
      70
      75
      74
      67
      73
      56
      72
      85
      74
      83
      93
      79
      84
      79
      81
      85
      71
      88
      94
      85
      73
      78
      77
      74
      95
      92
      70
      84
      66
      84
      71
      97
      79
      89
      73
      78
      72
      71
      77
      78
      67
      72
      78
      78
      87
      87
      76
      79
      75
      74
      90
      80
      95
      83
      75
      68
      93
      81
      79
      84
      76
      79
      72
      68
      70
      72
      82
      63
      73
      74
      73
      77
      87
      81
      77
      74
      92
      72
      82
      67
      76
      69
      80
      96
      75
      81
      68
      81
      83
      80
      83
      79
      81
      66
      68
      83
      66
      77
      79
      69
      73
      70
      95
      79
      80
      86
      81
      70
      94
      85
      84
      71
      95
      79
      79
      74
      69
      95
      61
      98
      76
      67
      86
      85
      89
      76
      88
      82
      82
      73
      58
      94
      89
      91
      64
      96
      74
      78
      64
      80
      74
      77
      77
      92
      89
      74
      77
      75
      82
      71
      87
      73
      81
      68
      67
      80
      84
      80
      77
      66
      83
      69
      88
      86
      80
      72
      60
      78
     103
      80
      62
      75
      75
      72
      80
      73
      69
      81
      67
      92
      80
      90
      76
      88
      95
      68
      75
     102
      85
      72
      69
      69
      77
      67
      60
      78
      92
      78
      79
      73
      84
      70
      76
      90
      91
      77
      62
      71
      74
      97
      84
      62
      67
      75
      66
      92
      72
      86
      89
      73
      76
      75
      75
      85
      91
      77
      93
      74
      76
      89
      55
      70
      84
      82
      77
      87
      83
      74
     105
      79
      75
      79
      63
      76
      87
      84
      74
      87
      82
      85
      80
      63
      79
      73
      66
      69
      78
      76
      69
      67
      74
      73
      72
      74
      75
      70
      90
      76
      63
      64
      79
      76
      82
      81
      82
      78
      66
      68
      73
      74
      76
      82
      84
      76
      87
      87
      87
      89
      51
      82
      87
      85
      79
      68
      72
      85
      85
      80
      90
      79
      86
      74
      79
      84
      83
      66
      71
      84
      90
      83
      86
      82
      83
      81
      79
      85
      82
      96
      88
      78
      87
      88
     100
      87
      96
      82
      82
      76
      79
      72
      79
      78
      72
      84
      80
      94
      89
      83
      96
      92
      77
      85
      72
      95
      78
      76
      95
     100
      74
      70
      83
      91
      76
      81
      78
      77
     105
      81
      85
      78
      82
     103
      76
      83
      72
      86
      95
      87
      82
     101
      83
      75
      84
      76
      91
      83
      99
      93
      93
     101
      85
      93
      90
      84
     100
      89
      80
      93
     101
      82
      77
      88
      77
      80
      87
      65
      87
      91
      92
      81
      97
      82
      89
      89
      93
      90
      86
      86
      93
      95
      86
     111
      73
      84
      77
      74
      84
      95
      77
      67
     100
      97
      72
     100
      90
      83
      66
      88
      85
      84
     110
      94
      74
      66
      82
     118
      77
      86
      84
      86
      99
      87
      92
     102
      88
      88
      84
      84
      83
      89
      94
      87
      90
      71
      73
      85
      92
     103
      80
      88
      89
      83
      92
      80
      94
      89
      94
      84
      96
      85
      75
      79
      81
      77
      71
      91
      90
      86
      72
      81
      87
      79
      65
      96
      85
      95
      82
      86
     101
      81
      80
      68
      74
      78
      78
      79
      94
      88
      81
      95
      79
      83
      86
      74
      69
      86
      71
      79
      84
      68
      68
      71
      79
      93
      78
      68
      93
      70
      78
      84
      77
      83
      89
      79
      88
      73
      82
      74
     101
      91
      64
      85
      71
      76
      64
      90
      82
      73
      81
      80
      79
      67
      90
      73
      73
      74
      79
      60
      81
      72
      69
      71
      82
      89
      72
      68
      78
      74
      90
      76
      72
      80
      70
      89
      80
     109
      82
      78
      62
      79
      83
      83
      66
      71
      71
      82
      65
      53
      73
      86
      74
      70
      77
      60
      59
      71
      71
      74
      61
      74
      79
      64
      85
      59
      68
      74
      79
      71
      91
      78
      66
      85
      80
      79
      90
      75
      88
      73
      75
      66
      74
      69
      70
      72
      77
      78
      69
      75
      63
      69
      74
      74
      77
      66
      75
      65
      64
      70
      75
      75
      74
      66
      71
      84
      60
      79
      50
      98
      70
      82
      71
      75
      65
      69
      59
      58
      81
      77
      69
      86
      68
      72
      64
      72
      76
      80
      87
     102
      65
      60
      68
      76
      63
      75
      74
      75
      79
      71
      78
      63
      83
      64
      83
      73
      79
      80
      92
      86
      76
      64
      67
      68
      69
      80
      98
      95
      78
      68
      77
      57
      68
      70
      62
      71
      72
      80
      71
      74
      70
      66
      56
      77
      79
      59
      65
      72
      63
      80
      84
      77
      79
      75
      75
      66
      83
      85
      68
      69
      64
      88
      83
      85
      71
      77
      73
      70
      76
      82
      64
      64
      79
      89
      66
      77
      78
      74
      83
      69
      72
      74
      70
      73
      81
      92
      73
      82
      78
      63
      69
      84
      81
      73
      78
      77
      83
      63
      71
      90
      81
     101
      79
      83
      71
      66
      76
      62
      71
      81
      68
      59
      65
      69
      78
      81
      87
      85
      52
      62
      87
      78
      58
      62
      85
      74
      71
      86
      70
      73
      83
      82
      72
      80
      58
      67
      86
      71
      79
      81
      78
      70
      78
      91
      59
      71
      72
      68
      67
      67
      77
      80
      68
      69
      74
      83
      79
      70
      92
      87
      85
      81
      95
      72
      90
      68
      83
      62
      69
      94
      79
      83
      81
      85
      80
      78
      75
      85
      69
      81
      85
      77
      74
      76
      66
      75
      70
      62
      72
      78
      59
      77
      71
      69
      86
      79
      81
      84
      76
      77
      72
      88
      72
      86
      65
      72
      90
      68
      75
      76
      70
      81
      77
      92
      82
      79
      81
      84
      79
      77
      75
      85
      75
      72
      73
      88
      85
      64
      70
      61
      69
      85
      67
      77
      73
      83
      90
      78
      70
      81
      73
      66
      80
      77
      85
      77
      95
      84
      81
      69
      84
      73
      73
      86
      85
      77
      64
      87
      85
      90
      80
      76
      68
      71
      89
      83
      94
      92
      81
      73
      84
      79
      77
      91
      98
      84
      63
      92
      82
      82
      70
      69
      67
      81
      82
      94
      86
      71
      66
      91
     104
      90
      73
      88
      86
      77
      74
      71
      91
      76
      79
      75
      88
      87
      67
      76
      82
      98
      74
      86
      80
      89
      94
      88
      90
      88
      79
      78
      78
      90
      91
     104
      72
      70
      86
      85
      76
      81
      79
      88
      83
      76
      92
      83
      92
      79
      81
      87
      83
      72
      89
      82
      87
      89
      79
      94
      72
      78
      76
      89
      87
     104
      87
      78
      80
      76
      88
      79
      82
      67
      73
      84
      96
      69
      87
      83
      80
      76
      75
      83
      86
      98
      90
      89
      81
      87
      76
      73
      76
      94
      81
      82
      74
      83
      75
      87
      78
      95
      90
      79
      81
      90
      65
      89
      83
      90
      78
      83
      99
      86
      90
      73
      62
      79
      84
      82
      86
      89
      70
      90
      67
      80
      83
      75
      65
      71
      72
      72
      92
      88
      92
      98
      87
      95
      85
      76
      65
      97
      83
      78
      68
     101
      90
      92
      74
      77
      70
      82
      97
      93
      91
      63
      90
      82
      87
      72
      78
      94
      78
      80
     109
      81
      84
      91
      75
      76
      93
      97
      85
      91
      89
      90
     100
      83
      83
      89
      80
      84
      81
      74
      74
      75
      88
      86
      82
      74
      91
      88
      84
     100
      90
      82
      78
      93
      94
      81
      74
      78
      93
      87
      85
      70
      87
      76
      90
      87
      87
      81
      89
     104
      75
      94
      95
     100
      84
      73
      88
      90
     100
      85
      90
      81
      78
      95
      66
      75
      76
      83
      88
      84
      91
      80
      86
      79
      84
      94
      93
      75
     100
      84
      94
      85
      94
      84
      89
      81
      92
      80
      86
      85
      85
      69
      74
      93
      67
      84
      69
      81
      78
      88
     102
      88
      75
      87
      85
      82
      97
      92
      79
      91
      76
      90
      79
      76
      98
      95
      93
      86
     103
      79
      98
      87
      85
      83
      80
      93
      84
      89
      76
      78
      88
      91
      86
      98
      85
      88
      83
      87
      88
      87
      85
      94
      86
      94
      87
      89
      84
      88
      89
      74
      85
      99
      69
      75
      88
      89
      91
      91
      80
      68
      93
      76
     101
      93
      84
      86
      86
      70
      80
      79
      95
      74
      87
      91
      80
      72
      78
      82
      79
      95
      84
      75
      85
      79
      77
      97
      94
      88
      83
      69
     113
      91
      94
     105
      95
      86
      99
      78
      63
      69
      87
      79
      75
      71
      80
      81
      70
      94
     104
      90
      90
      91
     111
      82
      83
      83
      88
      70
      75
      81
      70
      84
      92
      79
      96
      73
      79
      85
      90
      72
      86
      72
      98
      72
      80
      92
      77
     107
      70
      84
      94
      74
      76
      70
      93
      67
      79
      91
      91
      85
      75
      84
      71
      64
      86
      61
      76
      72
      74
      76
      73
     100
      67
      87
      76
      96
      93
      85
      98
      84
      83
      75
      82
      65
      80
      69
      81
      79
      79
      80
      74
      59
      79
      73
      80
      81
      69
      87
      78
      80
      63
      77
      77
      92
      63
      74
      88
      90
      76
      73
      71
      92
      78
      84
      89
      75
      81
      83
      72
      74
      73
      86
      79
      99
      82
      80
      77
      97
      75
      75
      88
      72
      70
      76
      83
      76
      85
      70
      67
      74
      70
      66
      81
      66
      80
      94
      83
      70
      77
      72
      61
      76
      82
      76
      65
      89
      84
      78
      74
      88
      72
      66
      59
      96
      71
      67
      56
      68
      57
      66
      84
      77
      66
      66
      83
      67
      63
      82
      58
      66
      70
      71
      81
      56
      68
      76
      68
      73
      76
      66
      55
      73
      66
      71
      70
      81
      75
      82
      62
      63
      68
      79
      58
      66
      54
      69
      86
      65
      53
      83
      61
      61
      72
      69
      70
      63
      61
      70
      68
      73
      65
      57
      82
      81
      74
      77
      58
      64
      64
      65
      60
      70
      68
      58
      63
      72
      65
      52
      63
      64
      68
      63
      60
      66
      72
      52
      59
      62
      67
      61
      66
      47
      74
      60
      70
      65
      74
      69
      74
      51
      65
      56
      58
      73
      48
      73
      70
      49
      58
      62
      61
      87
      51
      56
      64
      60
      59
      69
      77
      64
      46
      56
      59
      50
      75
      75
      58
      58
      59
      53
      69
      54
      67
      72
      57
      60
      60
      49
      74
      63
      48
      56
      71
      61
      54
      62
      55
      51
      60
      55
      60
      61
      59
      69
      58
      56
      60
      50
      58
      62
      61
      54
      49
      58
      65
      67
      55
      60
      51
      63
      72
      54
      52
      56
      69
      55
      53
      61
      63
      59
      54
      65
      61
      70
      56
      55
      61
      52
      56
      59
      63
      64
      55
      46
      55
      54
      47
      52
      48
      36
      65
      62
      65
      73
      60
      61
      50
      64
      65
      55
      60
      45
      56
      59
      48
      49
      78
      56
      66
      56
      73
      46
      43
      54
      50
      53
      46
      54
      57
      67
      61
      59
      44
      59
      58
      55
      51
      58
      61
      56
      64
      61
      60
      60
      58
      42
      55
      68
      76
      80
      42
      41
      67
      52
      55
      58
      50
      62
      51
      42
      61
      56
      54
      48
      59
      65
      48
      59
      67
      62
      48
      73
      54
      58
      68
      48
      59
      52
      50
      56
      53
      57
      55
      64
      51
      44
      54
      43
      53
      49
      50
      52
      41
      46
      52
      55
      44
      52
      58
      68
      60
      61
      51
      57
      53
      54
      56
      47
      60
      48
      58
      57
      61
      59
      51
      58
      60
      55
      49
      53
      46
      59
      47
      64
      60
      54
      52
      58
      59
      43
      47
      49
      71
      46
      68
      52
      60
      54
      53
      54
      53
      56
      58
      56
      51
      49
      66
      64
      54
      51
      46
      58
      61
      44
      61
      44
      46
      60
      57
      48
      54
      67
      47
      55
      58
      50
      53
      49
      48
      38
      46
      46
      41
      57
      61
      60
      55
      43
      50
      68
      60
      45
      65
      64
      52
      62
      56
      43
      55
      47
      48
      50
      51
      59
      43
      55
      45
      61
      60
      47
      43
      49
      46
      47
      59
      46
      49
      66
      61
      65
      47
      52
      52
      53
      43
      47
      42
      49
      46
      57
      61
      48
      55
      50
      56
      62
      61
      51
      58
      45
      61
      48
      41
      53
      44
      56
      61
      44
      60
      55
      52
      47
      59
      44
      51
      34
      58
      54
      62
      39
      64
      41
      57
      54
      59
      57
      54
      55
      51
      50
      42
      55
      66
      59
      77
      40
      49
      45
      55
      51
      56
      49
      65
      57
      52
      58
      60
      79
      67
      55
      60
      49
      50
      58
      46
      68
      52
      46
      58
      58
      52
      44
      50
      54
      61
      49
      75
      62
      55
      72
      57
      64
      61
      58
      54
      65
      48
      53
      77
      60
      56
      50
      52
      73
      59
      56
      57
      67
      63
      55
      61
      49
      62
      58
      77
      56
      72
      50
      46
      62
      73
      70
      62
      71
      53
      81
      75
      74
      77
      57
      63
      57
      61
      65
      55
      86
      70
      71
      59
      74
      70
      58
      74
      58
      87
      59
      66
      72
      85
      76
      86
      69
      93
      64
      85
      89
      75
      73
      86
      84
      76
      80
      84
      94
      78
      76
      84
      80
      84
      85
      84
      87
      80
      99
      84
      89
      76
      92
     107
      93
      89
      87
      97
      76
     106
      88
      91
      98
     101
      90
      91
     101
     110
     102
      91
     110
     107
      97
     107
     100
     104
     111
     106
     104
      98
     111
      93
     108
      99
     107
     115
     131
     104
     119
     111
     108
     119
     122
     120
     127
     133
     130
     112
     117
     115
     145
     131
     135
     122
     142
     142
     146
     134
     137
     130
     143
     143
     142
     160
     128
     141
     161
     136
     152
     144
     168
     157
     146
     150
     164
     150
     162
     132
     155
     155
     183
     168
     165
     158
     167
     173
     176
     168
     165
     170
     202
     189
     180
     175
     183
     175
     153
     183
     225
     204
     171
     212
     172
     197
     179
     207
     208
     199
     179
     199
     189
     218
     184
     206
     187
     211
     202
     190
     190
     195
     224
     193
     213
     196
     206
     215
     207
     202
     216
     208
     198
     204
     233
     219
     213
     219
     256
     241
     209
     249
     216
     244
     252
     254
     221
     225
     231
     266
     242
     244
     258
     253
     224
     270
     247
     198
     234
     268
     263
     235
     264
     274
     256
     246
     263
     248
     284
     276
     264
     284
     270
     248
     251
     275
     277
     263
     246
     270
     280
     281
     271
     284
     253
     247
     249
     298
     276
     274
     271
     267
     259
     272
     266
     281
     267
     289
     263
     228
     244
     281
     282
     259
     272
     243
     262
     285
     300
     253
     250
     274
     298
     288
     254
     261
     285
     277
     264
     245
     275
     264
     279
     280
     265
     261
     273
     263
     289
     278
     288
     290
     287
     245
     258
     254
     220
     276
     275
     258
     247
     287
     258
     244
     251
     236
     283
     236
     272
     263
     245
     211
     234
     232
     249
     232
     224
     208
     230
     230
     270
     251
     260
     219
     205
     234
     214
     214
     214
     225
     226
     218
     216
     221
     193
     198
     208
     213
     196
     209
     214
     216
     206
     213
     202
     205
     189
     193
     215
     176
     182
     163
     193
     189
     217
     203
     181
     180
     167
     185
     173
     169
     175
     188
     157
     174
     187
     153
     159
     148
     160
     176
     149
     176
     152
     152
     167
     144
     143
     134
     134
     138
     157
     135
     148
     144
     135
     135
     135
     135
     142
     142
     112
     138
     108
     130
     101
     138
     139
     105
     123
     115
     101
     120
     117
     115
     104
     101
     103
      98
      95
      96
      94
     109
     104
      94
      97
      91
     100
      91
      89
      98
      88
     106
      93
     103
      83
      84
      84
      82
      67
      85
      82
      90
      82
      74
      75
      77
      77
      68
      66
      68
      83
      64
      79
      66
      69
      71
      61
      66
      60
      64
      58
      51
      69
      76
      51
      58
      48
      60
      54
      59
      63
      60
      52
      52
      44
      50
      54
      44
      49
      58
      45
      51
      43
      39
      43
      50
      40
      51
      43
      49
      43
      35
      38
      46
      39
      43
      46
      47
      39
      52
      39
      41
      47
      44
      38
      46
      38
      39
      34
      38
      40
      37
      43
      20
      42
      35
      20
      44
      38
      38
      26
      23
      42
      29
      46
      35
      42
      36
      41
      40
      36
      34
      32
      30
      23
      23
      38
      25
      28
      35
      37
      25
      42
      30
      31
      38
      34
      27
      22
      39
      34
      44
      36
      25
      33
      31
      27
      36
      30
      39
      39
      35
      37
      34
      36
      38
      33
      27
      38
      52
      43
      30
      37
      41
      35
      31
      26
      32
      35
      41
      38
      53
      46
      43
      38
      34
      38
      49
      42
      39
      37
      43
      51
      42
      44
      46
      48
      43
      32
      51
      39
      48
      46
      47
      55
      45
      51
      53
      54
      55
      53
      45
      57
      37
      55
      67
      44
      73
      60
      47
      47
      58
      59
      43
      59
      73
      69
      65
      53
      59
      63
      69
      57
      74
      61
      70
      54
      69
      50
      66
      59
      59
      76
      58
      60
      66
      68
      77
      74
      62
      56
      78
      85
      83
      80
      81
      87
      90
      78
      76
      70
      96
      90
      95
      79
      97
      93
      94
      99
      96
      90
      83
      98
      98
      99
     104
      86
      97
      99
     112
      95
     100
     109
     106
     106
      93
      88
     124
     124
     109
     117
     103
     115
     111
     110
     103
     101
     124
     107
     116
     121
     132
     138
     119
     127
     119
     134
     125
     127
     138
     142
     135
     115
     130
     143
     140
     131
     125
     135
     133
     120
     134
     121
     136
     144
     150
     141
     135
     164
     137
     176
     149
     138
     151
     154
     148
     152
     149
     147
     166
     166
     176
     166
     146
     174
     151
     168
     189
     193
     156
     165
     134
     147
     159
     183
     149
     170
     181
     180
     165
     178
     183
     179
     175
     183
     157
     173
     179
     179
     184
     173
     189
     181
     193
     203
     172
     205
     181
     203
     203
     195
     198
     201
     199
     186
     220
     184
     194
     207
     194
     176
     209
     192
     168
     193
     205
     227
     215
     196
     206
     192
     197
     220
     198
     189
     177
     224
     204
     179
     215
     202
     197
     193
     197
     180
     187
     228
     182
     221
     203
     228
     214
     215
     236
     225
     213
     227
     229
     220
     197
     220
     179
     235
     221
     221
     194
     233
     188
     211
     211
     202
     222
     223
     230
     221
     190
     208
     206
     208
     199
     204
     201
     218
     235
     218
     211
     210
     206
     183
     228
     240
     193
     179
     210
     193
     209
     178
     220
     207
     171
     193
     200
     203
     205
     185
     206
     191
     221
     207
     194
     205
     196
     198
     196
     190
     185
     200
     195
     188
     215
     191
     152
     190
     161
     159
     165
     177
     167
     181
     193
     161
     186
     203
     183
     187
     160
     168
     157
     166
     172
     187
     169
     164
     177
     151
     170
     161
     151
     163
     141
     162
     148
     143
     169
     140
     156
     165
     158
     152
     131
     128
     153
     150
     147
     142
     138
     125
     140
     143
     130
     143
     139
     148
     142
     140
     119
     143
     136
     136
     139
     135
     122
     125
     126
     119
     119
     140
     136
     105
     127
     110
     111
      91
      97
     119
     100
     114
     109
      84
      86
     113
     119
     101
     102
      93
     100
     111
     114
     111
      85
      91
     102
      79
      88
      91
      93
      80
      97
      94
      71
      88
      96
      87
      84
      75
      80
      69
      88
      74
      67
      62
      74
      84
      64
      59
      69
      74
      70
      74
      64
      77
      51
      55
      69
      65
      47
      63
      53
      62
      63
      51
      49
      37
      50
      56
      62
      50
      59
      33
      40
      51
      47
      44
      43
      53
      56
      42
      45
      41
      37
      36
      40
      40
      26
      27
      40
      36
      45
      37
      24
      38
      33
      38
      40
      36
      37
      29
      24
      36
      29
      36
      30
      38
      31
      37
      42
      30
      37
      27
      28
      30
      38
      35
      26
      29
      13
      25
      26
      27
      18
      32
      20
      25
      23
      19
      21
      17
      21
      15
      23
      19
      28
      14
      17
      22
      16
       9
      21
      15
      21
      14
      22
      20
      19
      21
      11
      18
       7
      16
      18
      12
      15
       8
      17
      12
      22
       9
      12
       8
      13
      10
      10
       9
       8
      17
       8
       5
      10
      13
      12
       9
       5
       7
      12
      10
      13
      10
      14
      11
      15
      16
       6
      10
       8
      12
       8
       8
      10
       8
       9
       6
       9
       4
       6
       9
       6
      14
       6
       4
       4
      10
       6
       4
       5
       5
       8
       2
       6
       5
       5
       6
       4
       9
       5
       6
       5
       5
       6
       5
       5
       8
       8
       3
       5
       5
       3
       3
       4
       2
       5
       4
       1
       4
       3
       6
       1
       4
       5
       3
       3
       7
       5
       5
       2
       3
       1
       8
       6
       3
       8
       2
       1
       6
       3
       5
       3
       4
       8
       2
       6
       6
       2
       5
       3
       3
       3
       4
       4
       5
       6
       3
       3
       4
       1
       4
       4
       4
       4
       4
       3
       4
       6
       1
       4
       3
       1
       5
       4
       2
       2
       4
       5
       2
       7
       4
       4
       2
       5
       2
       2
       6
       4
       0
       1
       4
       2
       5
       4
       1
       3
       1
       2
       1
       3
       5
       4
       3
       2
       2
       2
       4
       2
       5
       7
       4
       2
       3
       6
       5
       4
       6
       2
       1
       3
       4
       4
       6
       4
       6
       6
       1
       4
       0
       5
       3
       5
       1
       4
       4
       4
       1
       1
       7
       2
       6
       9
       6
       2
       2
       5
       4
       6
       5
       2
       5
       5
       3
       4
       3
       6
       6
       5
       1
       7
       1
       2
       3
       4
       1
       6
       2
       3
       7
       4
       1
       9
       4
       7
       3
       2
       6
       3
       4
       3
       3
       4
       1
       0
       2
       6
       3
       4
       3
       4
       7
       3
       3
       2
       5
       1
       0
       5
       5
       2
       6
       4
       4
       1
       2
       5
       2
       4
       4
       3
       5
       2
       4
       2
       4
       7
       4
       2
       3
       7
       2
       5
       2
       4
       3
       1
       2
       2
       2
       2
       2
       3
       2
       6
       6
       5
       6
       3
       6
       5
       2
       2
       2
       3
       6
       1
       6
       1
       4
       5
       3
       2
       5
       3
       2
       1
       4
       3
       3
       4
       2
       1
       3
       0
       3
       3
       2
       3
       2
       6
       2
       3
       6
       2
       2
       6
       1
       7
       2
       3
       3
       5
       2
       5
       5
       5
       5
       3
       2
       2
       3
       4
       2
       6
       1
       0
       3
       2
       3
       4
       4
       6
       2
       4
       3
       5
       7
       2
       1
       4
       7
       3
       2
       2
       2
       4
       4
       1
       5
       4
       3
       2
       3
       3
       3
       4
       5
       3
       3
       5
       4
       3
       6
       2
       4
       3
       4
       2
       3
       1
       2
       5
       2
       3
       2
       4
       2
       2
       3
       5
       2
       1
       0
       5
       5
       3
       0
       5
       1
       2
       0
       2
       4
       3
       3
       4
       3
       5
       1
       3
       3
       2
       4
       4
       5
       2
       6
       3
       3
       2
       5
       3
       5
       3
       5
       1
       2
       5
       1
       4
       5
       4
       7
       2
       1
       0
       2
       2
       4
       4
       3
       1
       4
       1
       3
       3
       1
       3
       4
       4
       3
       7
       2
       3
       3
       4
       6
       1
       0
       2
       2
       5
       4
       5
       5
       3
       5
       2
       3
       2
       8
       3
       2
       2
       6
       0
       2
       3
       2
       6
       2
       4
       0
       4
       3
       4
       3
       4
       4
       3
       3
       9
       2
       4
       2
       1
       3
       4
       3
       2
       3
       2
       1
       0
       4
       4
       3
       2
       3
       4
       3
       4
       6
       1
       1
       5
       5
       4
       2
       1
       4
       3
       3
       0
       3
       1
       2
       2
       4
       4
       5
       2
       2
       1
       2
       7
       2
       4
       4
       4
       2
       1
       4
       3
       4
       4
       2
       0
       4
       1
       3
       4
       4
       3
       1
       0
       3
       4
       2
       3
       1
       3
       2
       2
       0
       4
       6
       5
       4
       4
       5
       2
       8
       3
       2
       5
       2
       1
       1
       4
       5
       4
       5
       4
       3
       2
       2
       4
       3
       3
       3
       3
       1
       1
       3
       3
       4
       1
       2
       1
       3
       3
       3
       1
       6
       2
       2
       2
       3
       5
       2
       3
       3
       1
       2
       5
       4
       3
       6
       3
       2
       3
       1
       4
       0
       1
       1
       6
       1
       2
       4
       3
       3
       3
       6
       3
       5
       1
       2
       3
       4
       3
       2
       2
       6
       3
       0
       1
       8
       2
       5
       4
       1
       1
       3
       1
       2
       1
       7
       2
       3
       3
       1
       3
       4
       1
       3
       5
       4
       3
       1
       6
       3
       2
       3
       1
       4
       2
       2
       2
       0
       1
       3
       1
       1
       2
       4
       2
       3
       3
       1
       3
       1
       5
       3
       3
       3
       1
       2
       4
       4
       5
       2
       3
       2
       1
       6
       4
       4
       3
       7
       2
       1
       5
       1
       2
       2
       4
       1
       3
       5
       3
       2
       4
       0
       3
       3
       4
       3
       2
       7
       1
       2
       3
       5
       2
       5
       1
       3
       5
       3
       3
       1
       5
       1
       4
       4
       3
       4
       2
       3
       4
       2
       5
       1
       2
       3
       3
       5
       3
       3
       5
       2
       3
       4
       3
       2
       1
       1
       1
       5
       3
       6
       1
       4
       3
       4
       5
       1
       2
       2
       2
       0
       2
       2
       3
       2
       1
       3
       1
       3
       2
       6
       3
       1
       4
       2
       2
       6
       3
       3
       1
       2
       2
       2
       2
       2
       2
       1
       0
       1
       4
       1
       2
       2
       3
       2
       2
       3
       2
       2
       6
       0
       2
       0
       1
       5
       3
       1
       4
       5
       0
       1
       2
       4
       1
       3
       2
       2
       2
       1
       5
       3
       3
       3
       2
       4
       2
       6
       1
       1
       4
       3
       2
       1
       4
       4
       7
       0
       3
       4
       4
       1
       1
       4
       1
       2
       2
       1
       4
       3
       2
       6
       3
       3
       1
       1
       0
       3
       3
       2
       2
       1
       5
       2
       1
       2
       3
       3
       1
       2
       3
       2
       1
       1
       1
       1
       3
       0
       5
       5
       2
       3
       0
       1
       3
       1
       4
       3
       4
       9
       3
       3
       2
       1
       2
       2
       2
       5
       2
       1
       3
       2
       1
       4
       3
       4
       4
       3
       2
       3
       2
       1
       2
       2
       1
       1
       2
       6
       0
       1
       1
       0
       3
       4
       5
       5
       5
       0
       2
       3
       5
       2
       4
       1
       2
       2
       5
       2
       3
       6
       2
       2
       0
       3
       5
       3
       5
       1
       0
       3
       6
       3
       3
       1
       2
       3
       4
       4
       4
       5
       7
       6
       0
       1
       3
       0
       6
       3
       2
       4
       2
       4
       3
       3
       1
       3
       3
       5
       4
       2
       1
       1
       2
       2
       4
       3
       2
       4
       4
       1
       1
       5
       0
       3
       3
       3
       4
       1
       6
       0
       0
       1
       2
       1
       1
       2
       1
       3
       3
       2
       1
       4
       3
       2
       3
       2
       4
       2
       5
       2
       1
       3
       4
       1
       2
       2
       0
       4
       2
       6
       1
       2
       2
       4
       3
       4
       4
       4
       1
       6
       2
       3
       1
       3
       3
       3
       2
       0
       4
       0
       1
       3
       3
       1
       1
       2
       1
       3
       4
       1
       0
       3
       2
       2
       2
       7
       1
       0
       1
       0
       3
       1
       4
       2
       1
       1
       2
       1
       2
       2
       1
       2
       1
       3
       6
       4
       2
       4
       3
       1
       0
       3
       1
       2
       5
       2
       2
       2
       2
       1
       0
       3
       1
       3
       3
       0
       5
       3
       2
       1
       2
       4
       2
       1
       1
       3
       3
       1
       2
       4
       1
       2
       2
       4
       4
       1
       4
       2
       0
       4
       5
       1
       1
       3
       2
       3
       2
       3
       2
       4
       0
       2
       1
       5
       4
       2
       2
       1
       1
       4
       1
       2
       1
       4
       2
       3
       3
       0
       3
       3
       1
       3
       2
       2
       0
       2
       2
       3
       0
       3
       2
       1
       2
       2
       7
       1
       2
       2
       0
       3
       2
       3
       0
       4
       4
       1
       5
       4
       4
       3
       1
       3
       2
       5
       3
       1
       1
       4
       2
       3
       0
       3
       4
       2
       4
       1
       2
       3
       3
       0
       1
       2
       5
       3
       3
       0
       4
       1
       1
       1
       1
       2
       4
       2
       2
       2
       1
       0
       4
       0
       0
       2
       4
       1
       1
       1
       3
       0
       2
       1
       2
       2
       1
       2
       4
       7
       0
       1
       4
       2
       2
       4
       5
       4
       2
       3
       0
       2
       4
       1
       2
       4
       6
       1
       4
       2
       0
       0
       1
       5
       1
       0
       0
       0
       2
       1
       1
       4
       2
       0
       0
       1
       2
       3
       5
       1
       0
       1
       1
       1
       1
       2
       3
       3
       1
       4
       1
       2
       2
       1
       3
       2
       0
       2
       2
       0
       0
       3
       2
       2
       0
       0
       3
       2
       3
       2
       1
       1
       3
       1
       5
       5
       3
       5
       2
       1
       2
       3
       5
       3
       3
       3
       1
       1
       2
       1
       1
       2
       2
       4
       4
       0
       3
       3
       0
       2
       0
       2
       2
       1
       2
       0
       1
       2
       2
       3
       0
       2
       4
       2
       3
       1
       3
       0
       0
       1
       4
       3
       1
       1
       3
       3
       2
       3
       2
       2
       2
       0
       3
       0
       4
       2
       1
       6
       6
       2
       2
       1
       1
       5
       1
       3
       2
       4
       3
       2
       3
       5
       1
       4
       4
       1
       2
       0
       4
       3
       1
       1
       1
       2
       2
       3
       4
       1
       1
       2
       2
       3
       2
       2
       4
       1
       2
       2
       1
       1
       3
       1
       1
       2
       1
       2
       3
       3
       1
       1
       1
       1
       3
       0
       0
       2
       0
       2
       1
       0
       5
       3
       2
       2
       2
       2
       1
       2
       0
       0
       1
       1
       3
       4
       2
       1
       3
       0
       4
       1
       1
       1
       1
       1
       4
       2
       3
       1
       2
       1
       1
       4
       2
       4
       2
       2
       0
       4
       0
       0
       0
       3
       4
       4
       1
       2
       3
       2
       0
       1
       2
       4
       3
       0
       1
       2
       1
       0
       1
       1
       0
       1
       1
       1
       1
       3
       2
       2
       2
       3
       0
       0
       0
       2
       2
       1
       4
       3
       1
       3
       2
       2
       2
       0
       2
       2
       1
       0
       1
       2
       1
       4
       1
       1
       1
       1
       2
       2
       1
       1
       4
       1
       1
       0
       2
       3
       2
       3
       1
       2
       1
       2
       0
       3
       0
       0
       1
       2
       3
       1
       2
       1
       1
       1
       3
       2
       0
       4
       2
       2
       1
       4
       2
       2
       3
       5
       1
       1
       2
       1
       1
       1
       2
       1
       2
       1
       1
       3
       0
       2
       0
       1
       2
       4
       5
       3
       2
       2
       2
       0
       3
       1
       2
       1
       3
       4
       2
       5
       1
       1
       0
       0
       2
       1
       1
       1
       2
       2
       3
       4
       0
       1
       0
       4
       0
       2
       2
       5
       1
       1
       1
       1
       2
       5
       5
       1
       2
       3
       0
       1
       3
       2
       5
       2
       3
       0
       1
       2
       0
       2
       1
       1
       2
       0
       2
       4
       1
       1
       3
       1
       0
       4
       1
       1
       3
       1
       3
       1
       2
       1
       2
       0
       1
       0
       4
       0
       3
       0
       1
       1
       3
       1
       2
       2
       4
       1
       2
       2
       1
       3
       1
       4
       0
       3
       2
       2
       0
       1
       3
       1
       1
       2
       3
       4
       0
       1
       0
       2
       4
       2
       2
       0
       0
       1
       2
       1
       0
       2
       1
       0
       4
       1
       4
       3
       1
       0
       1
       1
       0
       1
       2
       2
       1
       2
       4
       0
       2
       2
       1
       1
       0
       3
       3
       1
       0
       0
       0
       1
       0
       1
       1
       1
       0
       0
       1
       4
       3
       2
       2
       0
       3
       1
       0
       1
       2
       0
       2
       4
       1
       1
       2
       2
       4
       0
       2
       3
       5
       1
       2
       0
       0
       4
       0
       1
       0
       2
       1
       1
       0
       0
       2
       1
       0
       0
       1
       2
       0
       2
       1
       2
       4
       3
       2
       1
       0
       2
       2
       1
       2
       2
       2
       0
       3
       3
       2
       1
       3
       2
       1
       2
       1
       1
       0
       1
       0
       2
       0
       0
       2
       2
       1
       2
       2
       0
       1
       2
       1
       4
       3
       2
       1
       0
       1
       3
       3
       0
       1
       2
       1
       3
       2
       0
       1
       2
       1
       0
       4
       3
       0
       0
       3
       0
       1
       2
       0
       1
       3
       2
       2
       1
       0
       1
       0
       0
       3
       3
       3
       0
       0
       4
       4
       2
       4
       0
       2
       0
       4
       2
       2
       2
       0
       3
       0
       0
       3
       5
       1
       0
       2
       1
       1
       4
       0
       2
       1
       4
       1
       3
       2
       1
       1
       0
       2
       1
       2
       0
       3
       0
       1
       3
       1
       1
       0
       0
       1
       3
       0
       2
       3
       1
       0
       1
       2
       0
       2
       2
       0
       2
       0
       0
       1
       1
       2
       2
       2
       0
       4
       0
       3
       0
       0
       1
       2
       1
       3
       1
       1
       1
       0
       1
       4
       0
       2
       2
       1
       0
       1
       1
       1
       2
       4
       2
       2
       3
       1
       1
       0
       1
       0
       1
       1
       2
       5
       2
       0
       2
       1
       1
       1
       2
       1
       3
       0
       0
       2
       0
       1
       1
       3
       2
       1
       1
       1
       4
       1
       1
       3
       1
       2
       0
       1
       0
       1
       0
       0
       0
       5
       2
       1
       0
       1
       0
       2
       1
       1
       3
       1
       3
       1
       3
       3
       2
       1
       2
       1
       0
       1
       0
       1
       3
       2
       2
       0
       0
       4
       1
       1
       0
       2
       2
       2
       2
       2
       4
       3
       1
       0
       1
       0
       1
       1
       2
       1
       0
       4
       1
       4
       2
       3
       2
       2
       1
       0
       1
       1
       3
       2
       2
       3
       0
       2
       3
       0
       2
       0
       2
       2
       5
       1
       1
       1
       1
       2
       0
       0
       2
       3
       1
       3
       2
       0
       2
       2
       0
       2
       2
       1
       1
       0
       0
       1
       1
       3
       3
       1
       2
       2
       1
       3
       2
       2
       0
       1
       1
       2
       0
       1
       2
       3
       0
       0
       2
       1
       1
       3
       2
       4
       3
       1
       2
       0
       2
       3
       1
       0
       2
       1
       3
       2
       3
       2
       3
       0
       3
       0
       7
       2
       1
       1
       2
       0
       1
       0
       2
       1
       1
       1
       3
       1
       4
       1
       2
       1
       1
       1
       5
       0
       1
       0
       0
       1
       3
       0
       1
       0
       1
       0
       2
       2
       2
       3
       1
       1
       3
       2
       0
       1
       2
       2
       2
       2
       2
       3
       0
       1
       2
       3
       1
       1
       1
       1
       2
       1
       2
       1
       4
       2
       2
       1
       2
       3
       0
       1
       1
       3
       0
       2
       1
       1
       4
       1
       1
       1
       1
       0
       0
       1
       3
       1
       2
       2
       1
       0
       2
       1
       1
       2
       3
       0
       1
       1
       1
       0
       1
       4
       0
       3
       1
       1
       2
       0
       1
       0
       4
       1
       2
       0
       2
       0
       4
       1
       1
       2
       1
       6
       1
       2
       0
       4
       1
       2
       2
       2
       1
       2
       2
       1
       0
       1
       0
       2
       2
       2
       1
       1
       0
       2
       1
       2
       2
       1
       0
       3
       0
       1
       1
       2
       2
       0
       2
       1
       3
       3
       3
       0
       0
       3
       3
       0
       2
       1
       0
       0
       0
       1
       2
       2
       0
       0
       1
       1
       1
       1
       0
       0
       3
       0
       2
       2
       2
       1
       2
       5
       1
       2
       0
       0
       0
       0
       1
       1
       2
       2
       0
       3
       4
       1
       1
       0
       2
       0
       0
       3
       1
       3
       2
       0
       1
       0
       1
       2
       1
       1
       2
       1
       0
       3
       2
       0
       0
       0
       1
       0
       0
       0
       3
       3
       4
       0
       2
       1
       1
       4
       2
       0
       0
       2
       1
       4
       0
       1
       1
       1
       2
       3
       1
       0
       2
       3
       0
       0
       4
       1
       1
       1
       2
       0
       0
       1
       1
       0
       3
       0
       0
       1
       0
       4
       0
       1
       1
       2
       0
       2
       0
       2
       2
       2
       3
       3
       2
       3
       3
       0
       1
       0
       0
       0
       2
       2
       3
       1
       1
       2
       1
       0
       3
       1
       1
       2
       0
       0
       0
       2
       2
       0
       3
       1
       2
       4
       1
       3
       0
       2
       0
       1
       1
       2
       1
       1
       1
       0
       0
       2
       3
       0
       0
       3
       1
       0
       3
       2
       2
       4
       1
       2
       2
       2
       1
       0
       2
       2
       2
       1
       1
       1
       1
       2
       2
       1
       1
       2
       0
       0
       2
       2
       2
       1
       0
       1
       2
       3
       2
       2
       0
       1
       1
       5
       2
       2
       0
       0
       1
       1
       2
       0
       2
       0
       2
       3
       2
       3
       2
       0
       1
       1
       3
       2
       1
       0
       2
       0
       2
       1
       4
       1
       2
       2
       4
       2
       1
       2
       2
       3
       0
       1
       2
       3
       1
       2
       1
       0
       1
       1
       4
       1
       1
       0
       0
       5
       3
       1
       3
       2
       1
       1
       2
       0
       1
       1
       1
       2
       1
       1
       1
       1
       2
       2
       2
       3
       1
       3
       2
       5
       1
       0
       1
       3
       1
       1
       1
       4
       3
       2
       0
       2
       1
       1
       3
       2
       1
       2
       2
       1
       2
       1
       2
       1
       0
       1
       1
       2
       2
       2
       0
       2
       0
       0
       3
       1
       4
       0
       0
       0
       3
       0
       2
       1
       3
       2
       2
       3
       0
       1
       2
       2
       1
       3
       0
       4
       2
       1
       0
       2
       3
       1
       3
       0
       1
       1
       1
       3
       3
       0
       4
       1
       1
       0
       0
       1
       1
       0
       2
       0
       0
       1
       2
       1
       3
       1
       2
       3
       2
       1
       4
       3
       0
       2
       1
       3
       1
       3
       2
       1
       1
       1
       2
       1
       1
       1
       1
       2
       1
       0
       2
       1
       1
       4
       3
       1
       2
       0
       2
       3
       1
       0
       2
       3
       4
       2
       2
       2
       1
       2
       1
       1
       1
       0
       2
       1
       2
       2
       2
       1
       0
       1
       1
       0
       0
       1
       1
       0
       1
       0
       1
       1
       2
       2
       1
       1
       3
       2
       1
       1
       3
       3
       0
       4
       1
       2
       1
       0
       0
       3
       0
       0
       0
       1
       2
       3
       1
       0
       0
       2
       2
       4
       0
       1
       2
       1
       1
       2
       1
       2
       2
       3
       0
       1
       3
       0
       3
       2
       0
       1
       0
       5
       1
       0
       2
       2
       0
       4
       2
       0
       2
       1
       3
       2
       2
       1
       2
       1
       1
       1
       2
       0
       1
       1
       1
       1
       0
       2
       1
       1
       2
       1
       1
       1
       2
       1
       1
       0
       1
       2
       0
       3
       0
       0
       1
       1
       0
       1
       0
       1
       0
       0
       0
       0
       0
       0
       0
       0
       0
       0
       0
       0
       0
       0
       0
       0
       0
       0
       0
       0
       0
       0
       0
       0
       0
       0
       0
       0
       0
       0
       0
       0
       0
       0
       0
       0
       0
       0
       0
       0
       0
       0
       0
       0
       0
       0
       0
       0
       0
       0
       0
       0
       0
       0
       0
       0
       0
       0
       0
       0
       0
       0
       0
       0
       0
       0
       0
       0
       0
       0
       0
       0
       0
       0
       0
       0
       0
       0
       0
       0
       0
       0
       0
       0
       0
       0
       0
       0
       0
       0
       0
       0
       0
       0
       0
       0
       0
       0
       0
       0
       0
       0
       0
       0
       0
       0
       0
       0
       0
       0
       0
       0
       0
       0
       0
       0
       0
       0
       0
       0
       0
       0
       0
       0
       0
       0
       0
       0
       0
       0
       0
       0
$ROI:
0
$PRESETS:
None
0
0
$ENER_FIT:
0.000000 0.000000
$MCA_CAL:
3
0.000000E+000 0.000000E+000 0.000000E+000 
$SHAPE_CAL:
3
0.000000E+000 0.000000E+000 0.000000E+000
