$SPEC_ID:
No sample description was entered.
$SPEC_REM:
DET# 1
DETDESC# DESKTOP-NHMQ4F9 Easy-MCA-2k SN 16145343
AP# Maestro Version 7.01
$DATE_MEA:
04/15/2024 14:18:29
$MEAS_TIM:
16465 16593
$DATA:
0 2047
       0
       0
       0
       0
       0
       0
       0
       0
       0
       0
       0
       0
       0
       0
       0
       0
       1
       0
       0
       0
       0
       0
       0
       0
       0
       0
       0
       0
       0
       0
       0
       0
       0
       0
       0
       0
       0
       0
       0
       0
       0
       0
       0
       0
       0
       0
       0
       0
       0
       0
       0
       1
       0
       0
       0
       0
      26
     856
   24192
  158850
  150533
  139399
  129898
  121322
  113536
  106696
  100601
   95600
   90523
   85903
   82114
   78277
   75107
   72069
   69702
   66785
   64497
   62729
   60328
   58851
   57321
   56042
   54071
   53066
   51652
   50366
   49485
   48382
   47553
   46177
   44903
   44677
   43520
   42693
   42340
   41766
   40236
   39731
   39254
   38800
   37894
   37335
   36594
   36082
   35530
   35029
   34295
   33908
   33658
   32747
   32503
   31963
   31474
   31050
   30520
   30002
   29793
   29459
   28591
   28300
   27961
   27271
   27255
   26515
   26338
   26273
   25608
   25089
   25098
   24485
   24160
   23919
   23510
   23234
   22785
   22464
   22155
   22000
   21834
   21208
   20918
   20579
   20261
   20146
   19716
   19297
   19304
   19030
   18634
   18535
   18174
   18061
   17911
   17560
   17276
   16988
   16666
   16724
   16330
   16293
   16158
   15908
   15851
   15462
   15322
   14920
   14830
   14931
   14674
   14187
   14382
   14140
   13901
   13753
   13693
   13678
   13405
   13445
   13131
   13259
   13112
   12746
   12683
   12728
   12804
   12557
   12437
   12314
   12174
   12208
   12077
   11891
   11728
   11820
   11725
   11668
   11628
   11448
   11594
   11290
   11585
   11468
   11495
   11294
   11147
   11217
   10966
   10949
   10807
   10866
   10624
   10555
   10568
   10550
   10514
   10521
   10443
   10162
   10124
   10102
   10091
    9958
    9996
    9973
    9553
    9485
    9405
    9265
    9245
    9076
    9267
    9117
    9082
    8962
    8743
    8921
    8615
    8504
    8490
    8463
    8306
    8134
    7941
    7906
    8055
    7815
    7718
    7745
    7593
    7476
    7321
    7289
    7253
    7077
    6947
    6877
    6771
    6789
    6642
    6526
    6491
    6606
    6323
    6258
    6077
    6149
    6073
    6018
    5910
    5809
    5824
    5713
    5716
    5637
    5613
    5362
    5547
    5270
    5285
    5155
    5132
    5133
    5058
    5154
    5038
    4895
    4988
    4784
    4651
    4728
    4587
    4728
    4538
    4551
    4568
    4418
    4441
    4344
    4370
    4328
    4392
    4280
    4139
    4206
    4165
    4234
    4076
    4066
    4139
    4064
    3921
    3924
    3876
    4015
    3893
    3745
    3789
    3640
    3604
    3671
    3801
    3767
    3603
    3565
    3658
    3579
    3575
    3559
    3503
    3459
    3485
    3387
    3465
    3411
    3322
    3366
    3262
    3410
    3332
    3302
    3365
    3295
    3274
    3043
    3184
    3169
    3018
    3072
    3100
    3006
    3099
    3211
    3059
    3024
    3016
    2956
    2969
    3009
    2971
    2925
    2838
    2880
    2802
    2927
    2819
    2872
    2897
    2838
    2738
    2794
    2847
    2814
    2835
    2708
    2747
    2735
    2715
    2748
    2685
    2629
    2644
    2623
    2548
    2688
    2627
    2660
    2649
    2619
    2508
    2579
    2540
    2516
    2533
    2536
    2550
    2497
    2475
    2462
    2491
    2396
    2407
    2513
    2391
    2475
    2479
    2434
    2370
    2395
    2432
    2323
    2321
    2277
    2347
    2358
    2328
    2349
    2316
    2293
    2344
    2370
    2222
    2303
    2227
    2287
    2280
    2274
    2245
    2307
    2282
    2185
    2255
    2239
    2281
    2237
    2202
    2133
    2160
    2166
    2212
    2143
    2209
    2169
    2171
    2223
    2192
    2095
    2203
    2102
    2057
    2146
    2176
    2058
    2113
    2013
    2113
    2015
    2098
    2019
    2002
    2079
    2056
    2004
    2053
    2051
    2031
    2095
    2010
    2007
    2064
    2027
    2033
    2034
    2012
    1980
    1998
    1915
    1962
    2007
    2016
    1984
    1964
    1940
    1931
    1907
    1976
    1917
    2031
    1912
    1898
    1924
    1861
    1918
    1900
    1956
    1955
    1926
    1944
    1940
    1926
    1923
    1897
    1955
    1911
    1900
    1885
    1941
    1889
    1911
    1846
    1938
    1954
    1885
    1877
    1937
    1957
    1883
    1970
    1924
    1940
    1880
    1897
    1923
    1888
    1909
    1928
    1892
    1874
    1942
    1932
    1859
    1874
    1824
    1880
    1900
    1948
    1843
    1825
    1865
    1871
    1797
    1881
    1909
    1804
    1811
    1884
    1849
    1876
    1879
    1840
    1895
    1781
    1860
    1793
    1860
    1845
    1840
    1746
    1820
    1826
    1881
    1872
    1870
    1831
    1856
    1883
    1751
    1791
    1854
    1859
    1824
    1788
    1837
    1747
    1783
    1733
    1784
    1739
    1801
    1829
    1836
    1762
    1866
    1763
    1744
    1763
    1823
    1796
    1776
    1753
    1727
    1805
    1751
    1852
    1748
    1688
    1681
    1730
    1861
    1739
    1693
    1710
    1665
    1622
    1734
    1711
    1720
    1697
    1706
    1642
    1720
    1672
    1723
    1678
    1629
    1656
    1687
    1668
    1781
    1731
    1671
    1688
    1618
    1714
    1602
    1619
    1671
    1642
    1698
    1696
    1703
    1678
    1721
    1649
    1624
    1597
    1643
    1665
    1643
    1610
    1642
    1545
    1592
    1687
    1680
    1592
    1634
    1639
    1592
    1627
    1652
    1626
    1616
    1594
    1596
    1652
    1599
    1568
    1596
    1602
    1615
    1608
    1567
    1557
    1608
    1614
    1587
    1554
    1639
    1589
    1646
    1631
    1641
    1588
    1577
    1582
    1579
    1602
    1592
    1465
    1680
    1669
    1607
    1553
    1585
    1657
    1663
    1614
    1587
    1661
    1641
    1614
    1532
    1542
    1601
    1586
    1668
    1600
    1620
    1619
    1564
    1615
    1597
    1599
    1645
    1646
    1604
    1598
    1600
    1562
    1590
    1570
    1569
    1669
    1599
    1610
    1610
    1649
    1587
    1619
    1597
    1627
    1737
    1615
    1669
    1639
    1718
    1698
    1631
    1562
    1633
    1666
    1573
    1658
    1613
    1657
    1641
    1620
    1687
    1593
    1648
    1668
    1622
    1643
    1640
    1722
    1654
    1654
    1736
    1738
    1699
    1712
    1592
    1594
    1628
    1648
    1632
    1672
    1655
    1734
    1677
    1750
    1717
    1706
    1673
    1668
    1649
    1571
    1610
    1693
    1662
    1737
    1669
    1695
    1678
    1637
    1650
    1691
    1638
    1745
    1670
    1745
    1724
    1703
    1706
    1682
    1725
    1604
    1678
    1705
    1703
    1677
    1783
    1683
    1747
    1714
    1698
    1629
    1658
    1714
    1708
    1629
    1749
    1629
    1668
    1679
    1676
    1580
    1713
    1635
    1691
    1678
    1609
    1633
    1624
    1696
    1604
    1634
    1642
    1643
    1626
    1561
    1637
    1631
    1621
    1689
    1574
    1556
    1573
    1568
    1569
    1617
    1605
    1475
    1677
    1572
    1552
    1490
    1569
    1518
    1545
    1556
    1548
    1501
    1485
    1498
    1443
    1513
    1514
    1538
    1493
    1491
    1467
    1482
    1496
    1444
    1504
    1501
    1419
    1459
    1432
    1396
    1467
    1413
    1427
    1413
    1337
    1425
    1469
    1362
    1466
    1425
    1398
    1407
    1438
    1327
    1344
    1406
    1438
    1352
    1341
    1354
    1399
    1398
    1372
    1407
    1399
    1400
    1359
    1465
    1394
    1384
    1376
    1364
    1467
    1374
    1368
    1333
    1399
    1406
    1422
    1401
    1442
    1385
    1334
    1377
    1468
    1328
    1387
    1482
    1449
    1446
    1440
    1430
    1439
    1382
    1404
    1412
    1485
    1425
    1414
    1426
    1473
    1405
    1433
    1461
    1487
    1511
    1499
    1549
    1493
    1480
    1527
    1525
    1485
    1556
    1525
    1501
    1544
    1510
    1534
    1622
    1570
    1566
    1616
    1635
    1610
    1621
    1699
    1605
    1688
    1574
    1626
    1775
    1658
    1706
    1701
    1730
    1728
    1719
    1811
    1761
    1816
    1804
    1785
    1833
    1853
    1820
    1828
    1901
    1860
    1885
    1835
    1883
    1920
    1868
    1885
    1916
    1946
    1873
    2030
    1968
    1963
    1980
    1935
    1993
    1942
    2065
    1993
    2041
    2033
    2099
    2110
    2046
    2015
    2049
    2086
    1954
    2073
    2113
    2062
    2141
    2112
    2119
    2112
    2102
    2080
    2127
    2111
    2032
    2011
    2084
    2105
    2101
    2117
    2041
    2094
    2058
    2045
    2163
    2078
    2041
    2004
    1996
    2069
    2024
    2024
    2044
    2024
    1978
    2009
    2030
    1964
    2039
    1989
    2073
    1985
    1965
    1952
    1915
    1944
    2013
    1932
    1888
    1912
    1997
    1835
    1919
    1917
    1866
    1886
    1913
    1854
    1796
    1847
    1792
    1807
    1860
    1787
    1751
    1665
    1740
    1686
    1659
    1673
    1669
    1716
    1650
    1599
    1615
    1608
    1633
    1579
    1647
    1441
    1501
    1548
    1505
    1473
    1418
    1394
    1446
    1439
    1382
    1414
    1281
    1375
    1359
    1290
    1279
    1276
    1256
    1242
    1267
    1196
    1201
    1132
    1140
    1171
    1232
    1142
    1151
    1148
    1127
    1120
    1031
    1097
    1017
    1031
     916
     960
    1002
     933
     983
     946
     958
     894
     916
     879
     808
     814
     845
     803
     829
     847
     831
     809
     782
     758
     813
     739
     705
     761
     685
     705
     744
     642
     692
     672
     641
     668
     619
     637
     612
     645
     605
     580
     608
     592
     551
     582
     562
     564
     545
     545
     509
     517
     531
     498
     519
     493
     481
     463
     509
     451
     466
     437
     425
     453
     467
     446
     431
     413
     427
     413
     403
     384
     414
     432
     382
     363
     425
     397
     353
     384
     412
     392
     393
     388
     384
     353
     386
     383
     361
     349
     409
     350
     329
     367
     318
     355
     331
     312
     331
     348
     296
     341
     363
     331
     328
     337
     308
     330
     327
     328
     355
     317
     285
     289
     334
     292
     287
     313
     304
     288
     306
     299
     285
     310
     289
     283
     317
     304
     304
     301
     316
     314
     307
     308
     308
     283
     283
     297
     272
     293
     303
     294
     278
     292
     296
     294
     278
     303
     284
     291
     254
     278
     270
     266
     293
     270
     304
     315
     301
     296
     286
     263
     274
     259
     272
     278
     257
     249
     279
     255
     277
     271
     267
     265
     242
     269
     262
     269
     260
     286
     261
     270
     277
     289
     253
     301
     278
     284
     254
     290
     245
     278
     278
     277
     286
     253
     283
     275
     286
     263
     273
     288
     290
     251
     274
     254
     284
     267
     296
     251
     237
     265
     259
     228
     248
     254
     298
     303
     245
     261
     299
     288
     278
     283
     284
     271
     251
     259
     255
     266
     270
     261
     281
     248
     310
     265
     279
     296
     294
     257
     291
     279
     275
     244
     306
     296
     256
     277
     258
     261
     265
     225
     271
     276
     286
     261
     262
     253
     272
     281
     302
     267
     263
     269
     254
     272
     260
     266
     269
     286
     277
     294
     259
     264
     282
     288
     270
     285
     264
     265
     304
     290
     276
     292
     253
     284
     301
     280
     272
     269
     290
     295
     310
     285
     288
     282
     265
     286
     273
     265
     297
     277
     288
     312
     304
     266
     302
     267
     274
     268
     292
     269
     294
     282
     311
     262
     280
     278
     281
     291
     284
     277
     288
     285
     292
     274
     291
     299
     281
     310
     317
     302
     294
     282
     302
     311
     308
     315
     303
     315
     299
     312
     335
     306
     309
     271
     306
     295
     318
     304
     294
     314
     299
     320
     295
     326
     290
     323
     279
     315
     314
     281
     338
     323
     333
     331
     312
     299
     317
     343
     325
     295
     309
     298
     322
     317
     350
     350
     333
     319
     315
     312
     324
     340
     322
     311
     308
     338
     329
     324
     338
     311
     309
     336
     324
     327
     318
     330
     322
     311
     336
     326
     335
     328
     351
     293
     286
     328
     332
     343
     326
     373
     366
     329
     360
     349
     294
     333
     340
     398
     346
     321
     365
     348
     365
     339
     373
     334
     365
     360
     336
     342
     342
     338
     361
     321
     364
     341
     363
     328
     348
     351
     357
     376
     355
     344
     350
     363
     352
     367
     345
     361
     359
     380
     393
     341
     355
     343
     324
     369
     371
     349
     358
     381
     376
     351
     339
     347
     380
     351
     383
     348
     400
     375
     381
     367
     378
     373
     396
     388
     384
     351
     353
     325
     341
     377
     340
     396
     348
     400
     376
     399
     360
     401
     392
     377
     406
     362
     363
     386
     349
     371
     374
     373
     397
     401
     371
     389
     402
     401
     388
     344
     357
     389
     350
     358
     363
     371
     361
     365
     345
     395
     390
     400
     386
     397
     419
     421
     410
     380
     384
     374
     381
     383
     373
     397
     388
     427
     373
     376
     382
     374
     385
     383
     416
     418
     388
     409
     378
     392
     395
     420
     394
     376
     385
     418
     421
     445
     371
     396
     407
     382
     457
     386
     396
     393
     397
     405
     404
     413
     370
     442
     411
     384
     392
     425
     397
     374
     442
     435
     434
     381
     392
     409
     421
     392
     424
     405
     422
     401
     388
     413
     428
     428
     427
     406
     389
     413
     427
     433
     425
     382
     427
     437
     409
     431
     424
     388
     433
     409
     496
     412
     405
     455
     410
     444
     446
     422
     440
     448
     409
     462
     446
     409
     464
     457
     436
     424
     473
     423
     487
     416
     460
     419
     436
     438
     443
     481
     442
     433
     425
     463
     444
     510
     467
     460
     436
     474
     493
     439
     440
     513
     440
     444
     469
     442
     404
     447
     450
     477
     504
     446
     454
     476
     480
     449
     487
     476
     471
     492
     484
     458
     472
     453
     480
     468
     464
     458
     489
     479
     466
     474
     478
     484
     496
     443
     471
     472
     469
     452
     460
     442
     446
     455
     454
     482
     460
     473
     457
     442
     491
     480
     442
     466
     478
     477
     493
     435
     426
     449
     446
     461
     464
     447
     497
     460
     423
     436
     462
     436
     453
     455
     459
     454
     487
     455
     462
     454
     445
     494
     428
     439
     438
     424
     475
     465
     436
     477
     416
     448
     416
     441
     442
     424
     466
     418
     435
     474
     475
     421
     467
     459
     438
     414
     420
     416
     438
     450
     410
     423
     407
     387
     425
     437
     446
     419
     408
     475
     442
     433
     414
     432
     388
     438
     440
     384
     425
     430
     393
     428
     405
     389
     414
     414
     416
     422
     392
     426
     380
     387
     436
     382
     406
     411
     402
     382
     389
     399
     417
     384
     404
     406
     421
     374
     390
     421
     421
     360
     408
     357
     417
     380
     382
     406
     413
     411
     401
     353
     363
     383
     423
     389
     371
     435
     376
     409
     389
     346
     370
     406
     400
     392
     403
     364
     373
     374
     359
     368
     380
     370
     329
     379
     368
     366
     354
     337
     376
     352
     376
     373
     381
     384
     420
     351
     329
     383
     358
     370
     389
     401
     382
     334
     346
     393
     333
     385
     352
     385
     363
     367
     371
     382
     380
     318
     360
     404
     366
     369
     377
     384
     361
     346
     395
     419
     345
     376
     377
     367
     384
     339
     345
     371
     343
     357
     375
     351
     371
     332
     345
     357
     348
     356
     358
     364
     345
     331
     393
     360
     361
     346
     357
     351
       0
       0
       0
       0
       0
       0
       0
       0
       0
       0
       0
       0
       0
       0
       0
       0
       0
       0
       0
       0
       0
       0
       0
       0
       0
       0
       0
       0
       0
       0
       0
       0
$ROI:
0
$PRESETS:
None
0
0
$ENER_FIT:
0.000000 3.013699
$MCA_CAL:
3
0.000000E+000 3.013699E+000 0.000000E+000 keV
$SHAPE_CAL:
3
0.000000E+000 0.000000E+000 0.000000E+000
