$SPEC_ID:
No sample description was entered.
$SPEC_REM:
DET# 1
DETDESC# KFLABB4 Easy-MCA-8k SN 09022236
AP# Maestro Version 6.08
$DATE_MEA:
05/07/2024 10:36:11
$MEAS_TIM:
1378 1404
$DATA:
0 8191
       0
       0
       0
       0
       0
       0
       0
       0
       0
       0
       0
       0
       0
       0
       0
       0
       0
       0
       0
       0
       0
       0
       0
       0
       0
       0
       0
       0
       0
       0
       0
       0
       0
       0
       0
       0
       0
       0
       0
       0
       0
       0
       0
       0
       0
       0
       0
       0
       0
       0
       0
       0
       0
       0
       0
       0
       0
       0
       0
       0
       0
       0
       0
       0
       0
       0
       0
       0
       0
       0
       0
       0
       0
       0
       5
      14
      29
      54
     484
    1843
    2846
    2790
    3048
    2971
    2969
    3160
    3096
    3075
    3051
    3150
    3153
    3072
    3093
    3154
    3225
    3086
    3154
    3071
    3141
    3099
    3166
    3092
    3159
    3222
    3128
    3082
    3101
    3138
    3098
    3157
    3116
    3203
    3092
    3121
    3133
    3014
    3057
    3090
    3045
    3148
    3080
    3107
    3062
    3005
    3073
    3043
    3079
    3224
    2993
    3078
    3043
    3126
    3096
    3111
    3136
    3038
    3147
    3012
    3000
    3090
    3088
    3127
    3033
    3021
    3032
    3058
    2940
    3135
    3113
    3014
    3064
    3004
    3082
    3036
    3011
    3053
    3153
    3081
    3008
    3102
    2996
    3098
    3062
    3003
    2996
    3127
    3034
    3016
    3088
    3096
    3067
    3043
    3014
    3016
    3036
    3120
    3114
    3084
    3231
    3084
    3240
    3198
    3032
    3138
    3134
    3100
    3090
    3117
    3201
    3284
    3099
    3246
    3203
    3199
    3305
    3197
    3062
    3180
    3184
    3317
    3180
    3209
    3187
    3177
    3172
    3209
    3177
    3308
    3168
    3139
    3243
    3179
    3281
    3307
    3378
    3596
    3774
    4025
    4521
    4836
    5312
    5633
    5853
    6338
    6600
    6635
    6870
    6646
    6347
    5731
    5229
    4505
    4023
    3663
    3460
    3224
    3294
    3176
    3100
    3044
    3134
    3076
    3085
    3129
    3114
    3149
    3245
    3300
    3548
    3618
    3994
    4205
    4499
    4575
    4556
    4336
    4288
    4089
    3836
    3750
    3628
    3605
    3435
    3325
    3391
    3145
    3062
    3084
    3099
    3055
    3021
    3108
    2944
    3052
    2961
    3003
    2967
    3036
    2939
    2922
    3024
    2955
    2980
    3089
    3031
    3008
    3025
    2981
    2941
    2944
    3018
    2902
    3007
    2931
    2985
    3062
    3035
    3113
    2957
    2980
    3118
    3109
    3041
    3049
    3028
    3002
    3072
    2999
    3112
    3006
    3031
    3065
    3002
    3017
    3122
    3087
    3086
    3080
    3079
    3133
    2966
    2975
    3070
    3045
    3017
    3110
    3058
    3065
    2973
    3003
    3049
    3052
    2954
    2987
    3102
    3053
    3101
    2956
    3163
    2960
    3087
    3102
    3157
    3095
    3101
    3152
    3100
    3135
    3068
    3100
    3042
    3044
    3143
    3128
    3066
    3222
    3143
    3117
    3138
    3057
    3154
    3051
    3216
    3188
    3128
    3172
    3142
    3128
    3169
    3253
    3088
    3131
    3157
    3153
    3089
    3197
    3097
    3176
    3125
    3221
    3057
    3137
    3119
    3118
    3161
    3165
    3145
    3117
    3166
    3151
    3241
    3164
    3210
    3127
    3184
    3160
    3168
    3100
    3110
    3216
    3162
    3171
    3182
    3134
    3123
    3186
    3191
    3219
    3221
    3175
    3184
    3201
    3262
    3279
    3265
    3198
    3197
    3210
    3200
    3212
    3135
    3150
    3271
    3127
    3210
    3187
    3099
    3222
    3140
    3274
    3157
    3266
    3348
    3168
    3290
    3148
    3259
    3185
    3224
    3285
    3218
    3243
    3262
    3246
    3332
    3328
    3217
    3295
    3312
    3246
    3282
    3238
    3292
    3265
    3290
    3211
    3350
    3240
    3264
    3366
    3300
    3226
    3266
    3354
    3337
    3308
    3296
    3358
    3389
    3271
    3331
    3305
    3270
    3343
    3349
    3258
    3460
    3479
    3390
    3424
    3494
    3426
    3668
    3499
    3511
    3604
    3547
    3759
    3810
    3726
    3782
    3720
    3774
    3746
    3809
    3727
    3718
    3871
    3784
    3775
    3801
    3884
    3826
    3782
    3902
    3795
    3803
    3730
    3698
    3762
    3693
    3814
    3731
    3815
    3713
    3642
    3711
    3679
    3731
    3694
    3738
    3639
    3604
    3661
    3575
    3715
    3650
    3671
    3678
    3607
    3619
    3667
    3606
    3664
    3518
    3544
    3707
    3540
    3550
    3646
    3523
    3618
    3557
    3541
    3527
    3546
    3529
    3606
    3574
    3486
    3637
    3510
    3773
    3541
    3598
    3451
    3578
    3563
    3542
    3581
    3452
    3473
    3501
    3507
    3430
    3503
    3573
    3479
    3435
    3585
    3522
    3433
    3477
    3368
    3497
    3577
    3434
    3493
    3452
    3485
    3371
    3571
    3568
    3385
    3555
    3463
    3500
    3432
    3526
    3521
    3480
    3473
    3439
    3577
    3520
    3477
    3418
    3481
    3464
    3576
    3547
    3577
    3521
    3618
    3650
    3536
    3499
    3665
    3573
    3665
    3602
    3588
    3657
    3606
    3719
    3603
    3658
    3599
    3550
    3534
    3636
    3663
    3528
    3569
    3573
    3464
    3575
    3601
    3499
    3653
    3539
    3672
    3481
    3598
    3516
    3559
    3467
    3470
    3513
    3617
    3459
    3568
    3565
    3544
    3505
    3608
    3551
    3685
    3443
    3518
    3579
    3534
    3568
    3501
    3494
    3518
    3499
    3479
    3573
    3577
    3566
    3519
    3598
    3563
    3575
    3470
    3639
    3507
    3530
    3517
    3450
    3556
    3507
    3610
    3550
    3450
    3489
    3524
    3441
    3445
    3486
    3514
    3542
    3618
    3654
    3530
    3527
    3485
    3512
    3497
    3509
    3495
    3571
    3516
    3442
    3574
    3462
    3612
    3423
    3626
    3518
    3483
    3579
    3661
    3609
    3479
    3571
    3594
    3671
    3539
    3610
    3630
    3478
    3546
    3427
    3556
    3526
    3530
    3482
    3603
    3564
    3529
    3412
    3597
    3485
    3567
    3597
    3568
    3561
    3564
    3540
    3583
    3613
    3580
    3501
    3531
    3551
    3477
    3429
    3465
    3527
    3522
    3519
    3494
    3564
    3496
    3487
    3555
    3570
    3610
    3469
    3515
    3421
    3678
    3540
    3587
    3470
    3599
    3538
    3711
    3476
    3600
    3483
    3599
    3690
    3704
    3581
    3621
    3574
    3675
    3650
    3624
    3656
    3697
    3692
    3681
    3603
    3722
    3631
    3681
    3636
    3566
    3601
    3549
    3759
    3711
    3675
    3693
    3834
    3675
    3735
    3652
    3754
    3737
    3647
    3757
    3775
    3800
    3679
    3741
    3723
    3825
    3839
    3724
    3729
    3858
    3805
    3879
    3847
    3803
    3849
    3826
    3827
    3864
    3802
    3892
    3794
    3858
    3958
    3896
    3979
    3823
    3909
    3943
    3899
    3877
    3839
    3847
    3887
    4000
    3948
    3975
    3969
    3997
    3967
    4028
    4140
    4012
    4076
    4092
    3949
    4116
    4012
    4063
    4076
    4128
    4117
    4117
    4094
    4178
    4100
    3993
    4227
    4115
    4177
    4169
    4049
    4200
    4245
    4081
    4143
    4143
    4141
    4161
    4170
    4233
    4184
    4316
    4172
    4213
    4350
    4228
    4324
    4352
    4229
    4263
    4380
    4332
    4326
    4320
    4382
    4321
    4244
    4375
    4471
    4303
    4380
    4288
    4473
    4531
    4502
    4503
    4445
    4563
    4412
    4518
    4439
    4399
    4493
    4473
    4512
    4526
    4604
    4559
    4571
    4509
    4553
    4577
    4596
    4622
    4516
    4581
    4563
    4487
    4555
    4599
    4623
    4515
    4520
    4604
    4465
    4542
    4474
    4346
    4504
    4515
    4593
    4520
    4424
    4282
    4348
    4281
    4209
    4186
    4204
    4221
    4154
    4000
    3959
    3951
    3882
    3742
    3667
    3642
    3513
    3417
    3377
    3405
    3321
    3375
    3217
    3123
    3089
    3014
    3049
    2899
    2827
    2924
    2927
    2800
    2790
    2820
    2846
    2716
    2729
    2609
    2777
    2620
    2640
    2587
    2659
    2429
    2545
    2558
    2458
    2396
    2446
    2496
    2512
    2433
    2383
    2365
    2413
    2396
    2342
    2380
    2323
    2278
    2382
    2312
    2211
    2270
    2289
    2343
    2337
    2224
    2270
    2271
    2283
    2163
    2164
    2180
    2218
    2205
    2144
    2164
    2154
    2208
    2132
    2081
    2186
    2151
    2156
    2045
    2046
    2049
    2086
    2069
    2030
    2072
    2033
    2052
    1972
    2072
    1998
    2015
    1978
    1946
    1833
    2031
    1912
    1951
    1980
    1938
    1936
    1885
    1925
    1916
    1835
    1874
    1868
    1856
    1887
    1858
    1866
    1961
    1880
    1818
    1806
    1807
    1776
    1769
    1769
    1724
    1700
    1749
    1777
    1706
    1774
    1679
    1688
    1665
    1647
    1740
    1721
    1691
    1645
    1656
    1677
    1646
    1648
    1723
    1612
    1651
    1559
    1515
    1666
    1586
    1548
    1578
    1518
    1656
    1586
    1572
    1593
    1507
    1532
    1500
    1555
    1500
    1545
    1558
    1528
    1430
    1467
    1456
    1438
    1451
    1497
    1444
    1470
    1378
    1447
    1494
    1437
    1367
    1414
    1389
    1348
    1383
    1381
    1390
    1376
    1368
    1335
    1405
    1304
    1352
    1344
    1373
    1374
    1328
    1318
    1363
    1333
    1316
    1252
    1280
    1305
    1260
    1282
    1259
    1262
    1230
    1253
    1225
    1242
    1278
    1248
    1289
    1259
    1212
    1266
    1175
    1194
    1170
    1180
    1232
    1245
    1190
    1218
    1240
    1158
    1178
    1180
    1171
    1166
    1199
    1190
    1197
    1213
    1130
    1148
    1200
    1153
    1183
    1195
    1169
    1111
    1212
    1232
    1111
    1162
    1138
    1182
    1167
    1077
    1119
    1141
    1075
    1079
    1110
    1179
    1137
    1029
    1122
    1124
    1161
    1137
    1106
    1129
    1073
    1059
    1133
    1112
    1111
    1130
    1085
    1097
    1112
    1115
    1055
    1112
    1110
    1063
    1182
    1082
    1084
    1128
    1120
    1115
    1128
    1071
    1095
    1118
    1133
    1106
    1149
    1092
    1046
    1006
    1073
    1093
    1072
    1092
    1099
    1102
    1036
    1080
    1124
     977
    1087
    1042
    1047
    1037
    1026
    1084
    1075
    1010
    1044
    1062
    1041
     991
    1026
    1086
    1080
    1014
    1036
    1058
    1009
    1038
    1020
    1057
    1037
     974
    1001
    1033
    1031
    1104
    1037
    1038
    1047
    1047
    1010
     979
    1013
    1012
     972
    1037
    1036
    1005
     976
    1037
     976
    1008
     996
     985
     985
    1007
    1012
     964
     951
    1035
     932
    1003
     959
    1022
     991
     964
    1020
     952
    1015
     917
    1009
     967
     973
     979
     979
     960
     937
     962
     917
     996
     953
     952
     974
     975
     929
     921
     927
    1033
     941
     919
     956
     934
     900
     962
     891
     888
     866
     910
     896
     948
     880
     904
     946
     941
     901
     876
     893
     957
     943
     914
     885
     926
     892
     869
     925
     919
     916
     877
     881
     921
     976
     911
     871
    1005
     932
     965
     999
     922
     998
     990
    1002
    1055
     992
     991
    1014
    1067
    1076
    1112
    1159
    1171
    1263
    1288
    1335
    1330
    1447
    1515
    1552
    1753
    1780
    1885
    2083
    2281
    2492
    2638
    2894
    3265
    3819
    4429
    4947
    5643
    6775
    7714
    9187
   10277
   11634
   13427
   15207
   17380
   20018
   22761
   25754
   29348
   32918
   36829
   40971
   44712
   48290
   52149
   54528
   56704
   57478
   56919
   55127
   52726
   48864
   44093
   38078
   32023
   25993
   20619
   15766
   11420
    8295
    5841
    4121
    2886
    2116
    1543
    1281
    1008
     856
     774
     699
     727
     644
     614
     621
     588
     551
     575
     535
     571
     590
     556
     571
     575
     571
     592
     592
     546
     572
     619
     524
     561
     546
     576
     556
     539
     543
     545
     532
     582
     563
     507
     535
     609
     571
     535
     549
     521
     574
     503
     562
     573
     530
     556
     558
     535
     540
     601
     544
     548
     525
     514
     523
     573
     542
     568
     536
     574
     530
     529
     551
     585
     574
     596
     554
     518
     565
     527
     581
     563
     528
     562
     538
     527
     525
     478
     555
     563
     510
     533
     553
     599
     546
     529
     539
     509
     525
     512
     552
     542
     539
     570
     580
     566
     511
     520
     543
     542
     539
     539
     529
     597
     597
     544
     541
     520
     563
     603
     587
     552
     523
     570
     526
     509
     591
     533
     567
     543
     517
     542
     504
     561
     485
     567
     538
     533
     539
     553
     569
     542
     546
     509
     554
     527
     507
     569
     539
     526
     591
     584
     553
     573
     505
     531
     532
     547
     492
     537
     565
     545
     554
     559
     532
     527
     574
     530
     519
     552
     557
     564
     529
     540
     556
     517
     540
     517
     557
     511
     582
     528
     602
     536
     573
     548
     537
     582
     512
     533
     552
     552
     509
     559
     557
     536
     583
     501
     559
     546
     584
     557
     524
     531
     565
     561
     576
     555
     573
     527
     557
     558
     546
     515
     574
     571
     537
     558
     551
     555
     524
     530
     546
     558
     524
     498
     503
     503
     531
     545
     527
     512
     535
     563
     533
     524
     519
     503
     495
     492
     558
     494
     554
     505
     523
     573
     537
     551
     541
     553
     542
     503
     545
     511
     522
     529
     530
     540
     526
     529
     524
     593
     538
     519
     534
     549
     539
     523
     520
     547
     542
     508
     512
     511
     511
     525
     555
     570
     472
     507
     518
     531
     551
     532
     550
     496
     525
     529
     535
     569
     488
     542
     525
     550
     562
     560
     509
     540
     537
     530
     542
     537
     528
     552
     523
     514
     548
     517
     531
     574
     564
     552
     528
     550
     552
     500
     534
     505
     505
     570
     583
     511
     549
     526
     531
     531
     542
     538
     545
     492
     499
     522
     542
     523
     534
     509
     526
     538
     544
     537
     523
     519
     533
     510
     503
     573
     480
     519
     552
     523
     577
     511
     524
     500
     506
     540
     495
     492
     504
     524
     558
     529
     548
     539
     483
     482
     512
     520
     533
     534
     524
     582
     583
     547
     515
     509
     553
     511
     507
     554
     508
     524
     536
     489
     530
     533
     568
     536
     533
     522
     526
     583
     568
     533
     507
     541
     513
     513
     571
     510
     467
     534
     563
     530
     529
     556
     576
     523
     543
     511
     529
     494
     541
     519
     528
     533
     491
     491
     544
     509
     512
     541
     566
     542
     535
     530
     550
     529
     524
     538
     522
     540
     549
     544
     516
     526
     533
     549
     567
     516
     526
     528
     508
     522
     547
     577
     570
     533
     586
     530
     542
     502
     523
     562
     546
     549
     542
     520
     537
     516
     491
     518
     497
     542
     531
     528
     574
     536
     549
     563
     514
     531
     525
     568
     534
     515
     564
     528
     505
     523
     588
     576
     502
     560
     545
     553
     500
     524
     505
     540
     513
     570
     511
     542
     537
     537
     545
     531
     523
     517
     517
     549
     525
     536
     535
     541
     534
     524
     595
     532
     563
     500
     576
     513
     533
     535
     497
     528
     547
     492
     539
     566
     558
     548
     546
     563
     531
     516
     482
     568
     556
     511
     564
     498
     510
     509
     522
     521
     512
     556
     524
     535
     519
     517
     516
     543
     525
     554
     544
     536
     546
     532
     552
     534
     547
     542
     508
     558
     523
     519
     471
     560
     532
     519
     546
     533
     575
     554
     501
     548
     544
     514
     491
     546
     519
     522
     534
     524
     558
     557
     547
     553
     516
     504
     513
     543
     548
     554
     536
     554
     554
     535
     536
     510
     546
     530
     556
     502
     564
     523
     572
     552
     529
     547
     526
     562
     561
     536
     561
     514
     517
     511
     589
     509
     510
     514
     535
     522
     552
     557
     544
     520
     536
     541
     531
     535
     568
     509
     567
     557
     517
     589
     497
     521
     513
     525
     524
     549
     538
     516
     536
     520
     506
     564
     535
     559
     528
     529
     564
     575
     569
     569
     546
     528
     553
     519
     516
     562
     556
     578
     604
     544
     533
     527
     571
     571
     562
     572
     580
     529
     576
     568
     565
     596
     553
     551
     601
     555
     548
     597
     550
     548
     594
     576
     561
     555
     594
     531
     571
     541
     594
     545
     544
     535
     578
     531
     529
     579
     559
     534
     532
     566
     548
     529
     548
     524
     538
     559
     565
     526
     503
     555
     606
     521
     571
     554
     547
     563
     498
     539
     537
     549
     532
     550
     566
     530
     522
     554
     564
     548
     533
     524
     528
     563
     571
     562
     541
     546
     520
     521
     541
     555
     566
     564
     527
     570
     562
     569
     550
     570
     532
     541
     507
     522
     557
     525
     528
     600
     532
     523
     597
     563
     535
     578
     586
     513
     539
     525
     551
     519
     525
     560
     559
     579
     567
     578
     587
     576
     556
     547
     533
     571
     557
     542
     527
     578
     535
     564
     562
     553
     534
     522
     580
     523
     585
     540
     571
     551
     546
     561
     582
     526
     581
     566
     544
     568
     555
     574
     567
     541
     570
     553
     595
     562
     581
     577
     560
     572
     608
     534
     567
     597
     589
     577
     574
     603
     512
     576
     547
     571
     536
     554
     554
     548
     587
     568
     566
     567
     560
     553
     576
     586
     534
     572
     596
     573
     575
     550
     577
     572
     561
     558
     563
     539
     597
     570
     578
     572
     583
     542
     545
     562
     571
     530
     628
     580
     571
     576
     617
     536
     567
     542
     628
     549
     561
     603
     620
     569
     576
     620
     579
     575
     577
     535
     623
     612
     570
     573
     570
     572
     552
     593
     614
     580
     627
     574
     573
     561
     569
     548
     574
     550
     609
     587
     589
     578
     568
     578
     564
     528
     590
     595
     603
     600
     617
     597
     614
     639
     598
     637
     573
     580
     587
     576
     608
     615
     595
     565
     527
     588
     604
     605
     592
     613
     624
     591
     586
     576
     580
     604
     586
     619
     587
     593
     580
     585
     592
     570
     607
     536
     601
     590
     579
     602
     628
     608
     606
     571
     599
     611
     601
     554
     643
     597
     611
     585
     641
     609
     587
     593
     627
     621
     557
     598
     641
     632
     625
     641
     614
     646
     557
     607
     644
     598
     637
     589
     653
     599
     658
     610
     620
     620
     591
     613
     624
     607
     612
     587
     622
     620
     585
     593
     583
     634
     632
     603
     620
     608
     601
     621
     634
     640
     592
     642
     621
     658
     615
     600
     596
     611
     615
     660
     606
     600
     648
     636
     629
     621
     597
     606
     641
     631
     602
     664
     626
     610
     640
     639
     654
     624
     614
     668
     616
     656
     629
     611
     690
     610
     586
     654
     687
     621
     628
     613
     656
     656
     649
     646
     607
     657
     659
     662
     637
     643
     678
     674
     631
     619
     627
     627
     624
     632
     619
     633
     616
     680
     633
     700
     633
     660
     654
     664
     726
     624
     654
     682
     666
     671
     716
     674
     634
     681
     668
     681
     700
     661
     690
     667
     673
     667
     675
     716
     669
     670
     659
     681
     639
     634
     686
     677
     639
     685
     674
     670
     644
     638
     685
     692
     679
     754
     662
     708
     675
     679
     684
     722
     714
     740
     694
     688
     684
     736
     669
     705
     688
     688
     719
     681
     714
     691
     678
     674
     695
     691
     688
     662
     655
     665
     734
     662
     723
     698
     681
     712
     701
     685
     752
     683
     702
     721
     695
     731
     744
     727
     658
     720
     734
     751
     720
     694
     729
     704
     732
     740
     719
     734
     739
     777
     720
     720
     727
     715
     689
     765
     744
     727
     733
     748
     743
     783
     716
     705
     744
     724
     797
     759
     735
     763
     768
     785
     772
     734
     738
     779
     715
     743
     759
     744
     712
     746
     823
     789
     758
     781
     727
     821
     725
     752
     749
     712
     765
     805
     747
     767
     727
     782
     788
     760
     774
     789
     773
     805
     805
     794
     772
     794
     772
     791
     772
     738
     842
     740
     800
     849
     804
     790
     803
     788
     850
     737
     858
     803
     802
     842
     802
     783
     803
     830
     783
     779
     865
     741
     816
     831
     771
     815
     794
     791
     826
     855
     797
     852
     837
     778
     893
     830
     788
     845
     873
     825
     838
     813
     884
     855
     812
     863
     833
     827
     832
     801
     849
     871
     806
     823
     870
     885
     886
     879
     862
     781
     925
     866
     946
     876
     835
     910
     933
     876
     866
     851
     917
     882
     916
     879
     850
     847
     912
     905
     911
     885
     870
     896
     905
     873
     904
     928
     882
     952
     884
     915
     898
     889
     950
     888
     853
     942
     966
     901
     903
     943
     968
     901
     960
     944
     933
     970
     889
     977
     994
     940
     929
     971
     977
     909
     927
     977
     976
     970
    1003
     948
     932
     939
     981
     969
     935
     960
     974
     968
     996
     916
     977
     946
     989
     983
     969
     938
     997
    1058
    1018
     967
    1004
     987
    1032
    1004
    1021
    1018
     999
    1046
     970
    1004
     981
    1012
    1069
     976
    1030
     971
    1023
     970
    1006
    1023
     972
    1016
    1009
    1046
     986
     938
     978
     977
     989
    1017
    1010
     995
    1039
    1023
     997
    1071
    1041
    1059
    1006
    1052
    1022
    1065
    1063
    1112
    1062
    1043
    1001
    1037
    1026
    1027
    1009
     963
    1017
    1017
    1067
    1027
    1041
    1047
     983
    1057
    1058
     938
     968
     981
     989
     983
    1018
     976
    1024
     911
     962
     908
     983
     926
     923
     879
     953
     895
     862
     850
     885
     878
     813
     840
     832
     901
     850
     850
     883
     767
     777
     769
     736
     803
     752
     793
     747
     728
     721
     702
     709
     698
     697
     669
     633
     650
     702
     623
     620
     600
     637
     659
     626
     596
     673
     617
     623
     591
     553
     580
     601
     615
     612
     594
     585
     558
     530
     558
     600
     566
     594
     619
     557
     562
     562
     528
     588
     575
     573
     538
     561
     548
     550
     553
     487
     516
     507
     559
     511
     533
     551
     536
     513
     504
     542
     464
     497
     539
     502
     522
     511
     525
     470
     484
     516
     522
     479
     521
     527
     532
     484
     479
     469
     498
     500
     511
     477
     464
     487
     470
     455
     478
     453
     488
     485
     454
     449
     441
     450
     448
     482
     467
     455
     485
     457
     472
     452
     422
     454
     446
     455
     441
     465
     465
     445
     400
     422
     437
     424
     423
     442
     432
     408
     414
     408
     445
     408
     423
     412
     460
     431
     399
     403
     421
     404
     441
     413
     418
     400
     406
     420
     405
     388
     425
     385
     377
     389
     400
     383
     379
     413
     384
     393
     385
     395
     388
     372
     386
     395
     371
     398
     411
     360
     385
     399
     370
     368
     364
     353
     362
     350
     320
     366
     354
     351
     349
     321
     355
     297
     341
     367
     331
     340
     333
     371
     319
     323
     364
     313
     326
     289
     319
     282
     301
     329
     314
     298
     293
     293
     297
     298
     296
     325
     312
     308
     286
     286
     287
     286
     297
     282
     262
     280
     268
     258
     271
     256
     295
     265
     285
     246
     270
     292
     249
     254
     242
     245
     250
     250
     248
     227
     233
     226
     242
     224
     219
     224
     250
     218
     231
     245
     210
     213
     237
     189
     212
     217
     233
     212
     195
     199
     180
     214
     218
     199
     193
     165
     161
     207
     179
     221
     166
     178
     155
     209
     176
     194
     174
     152
     174
     179
     188
     177
     170
     167
     158
     173
     184
     152
     151
     159
     147
     153
     170
     150
     136
     144
     138
     136
     142
     144
     133
     140
     166
     134
     143
     137
     130
     131
     137
     133
     143
     117
     131
     126
     128
     129
     130
     128
     124
     106
     135
     135
     120
     127
     112
     123
     115
     106
     126
     119
     107
     118
     121
     110
     118
     111
     150
      96
     107
      97
     109
     103
     123
     130
     113
     111
      93
     100
     121
     108
     109
      80
      93
      99
      93
     109
      97
      80
      86
      86
      87
      96
      95
      97
      95
      97
      98
     100
      98
      86
      85
      76
      89
      76
      69
      79
      72
      85
      74
      81
      72
      83
      88
      78
      85
     102
      77
      77
      72
      91
      88
      79
      74
      79
      75
      71
      73
     108
      94
      98
      81
      78
      74
      74
      93
      67
      84
      83
      72
      67
      88
      89
      82
      89
      89
      89
      82
      68
      72
      84
      93
      75
      74
      85
      99
      88
      80
      89
      75
      58
      79
      58
      77
      79
      80
      69
      82
     100
      82
      92
      80
      88
      79
      82
      81
      87
      79
      86
      88
      71
      88
      89
     103
      87
      82
      89
      83
      91
      96
      75
      79
      72
      79
      80
      94
     100
      78
      74
      90
      84
     104
      91
      75
     103
      80
      93
      86
      75
      98
     107
     101
      86
      93
      72
      99
      93
      92
      96
     102
     109
      88
     108
     113
     106
     106
     122
     116
     104
     130
     114
     139
     132
     130
     144
     153
     141
     144
     146
     148
     156
     156
     151
     189
     170
     174
     188
     209
     190
     195
     221
     208
     234
     250
     264
     239
     283
     279
     305
     322
     352
     354
     389
     452
     493
     488
     513
     593
     611
     620
     685
     728
     762
     869
     868
     896
     936
    1077
    1150
    1204
    1292
    1358
    1461
    1541
    1612
    1799
    1805
    1854
    2005
    2038
    2269
    2396
    2427
    2603
    2798
    2923
    3091
    3398
    3475
    3851
    4083
    4171
    4564
    4854
    5131
    5342
    5707
    5791
    6100
    6204
    6303
    6472
    6398
    6542
    6586
    6884
    6735
    6821
    6731
    6833
    6805
    6768
    6676
    6489
    6207
    5770
    5303
    4774
    4050
    3437
    2616
    2146
    1532
    1249
     849
     631
     427
     301
     186
     131
     109
      68
      55
      42
      33
      27
      16
      13
      21
      25
      14
      21
      16
      30
      13
      20
      17
      17
      24
      23
      23
      22
      26
      22
      22
      20
      17
      18
      28
      23
      23
      18
      22
      15
      15
      25
      12
      23
      25
      19
      19
      23
      12
      20
      21
      18
      13
      29
      33
      15
      23
      15
      24
      18
      26
      18
      20
      21
      21
      17
      23
      15
      17
      17
      21
      26
      23
      23
      19
      17
      18
      29
      17
      23
      17
      27
      21
      17
      16
      18
      17
      21
      26
      18
      21
      23
      23
      17
      14
      19
      16
      18
      20
      21
      15
      16
      19
      17
      17
      26
      27
      28
      13
      12
      23
      17
      20
      16
      17
      17
      18
      17
      17
      15
      16
      21
      21
      19
      19
      12
      20
      16
      21
      18
      15
      19
       9
      10
      16
      18
      16
      25
      20
      13
      18
      11
      10
      19
      25
      14
      13
      14
      19
      17
      21
      19
      27
      14
      16
      17
      15
      18
      16
      18
      21
      19
      15
      15
      15
      27
      14
      16
      12
      17
      19
      19
      25
      26
      20
      13
      25
      14
      16
      17
      18
      14
      21
      15
      17
      16
      23
      17
      17
      17
      23
      12
      10
      13
      11
      22
      18
      14
      18
      17
      12
      23
      18
      10
      14
      14
      17
      15
      10
      16
      15
      19
      21
       5
      21
      18
      13
      12
      18
      14
      19
      11
      16
      15
      14
      13
      14
      17
      11
      20
      14
      21
      20
      16
      15
      20
      13
      14
      19
      12
      13
      20
      10
      15
      13
      16
      12
      13
      26
      14
      23
       8
      19
      11
      24
      15
      14
      10
      18
      13
      13
      11
      13
      11
      16
      16
      19
      21
      20
      15
      13
      24
      20
      14
      11
      23
      15
      17
      11
      18
      13
      18
      13
      13
      12
      18
       8
      12
       9
      17
      14
      18
      16
      16
      14
      11
      11
      15
      14
      18
      12
      10
      14
      16
      16
      19
      18
      14
      24
      17
      17
       8
      11
      18
      12
      11
      13
      15
      10
      15
      10
       9
      12
      13
      10
      16
      19
      13
      20
      10
       9
      18
      14
      17
      21
      15
      16
      17
       7
      12
      12
      16
      14
      17
      14
      20
      16
      21
      17
      11
      14
      12
      16
      13
       8
      13
      12
      15
       7
      12
      18
      12
       6
      13
      12
      19
       8
      10
      11
      12
      15
      14
      21
      14
      13
      18
      14
      13
       8
      11
      10
      14
       9
       8
      21
       9
      12
      12
       5
      12
       5
       5
       9
      15
      19
       9
      16
       9
      12
      16
      14
      12
      16
      21
       5
      12
      10
      13
       7
      11
      15
       9
      10
      13
      13
      13
      11
      20
       9
       6
      16
      15
      13
      12
      10
      13
      14
      11
      11
      17
       9
      14
      13
       8
      16
      21
      20
      12
      10
      10
      18
       8
      14
      13
      20
      20
      16
      16
      12
       9
       8
      12
      11
      18
      21
      15
      12
      15
      11
      10
      10
      31
      14
       9
      14
      15
      14
      19
      18
      16
      21
      13
      23
      16
      18
      18
      17
      14
      19
      24
      22
      18
      19
      20
      15
      20
      18
      15
      17
      22
      20
      26
      13
      15
      15
      25
      15
      13
      12
      13
       9
      22
      15
       6
      14
      21
       7
       9
      10
      13
       9
      15
      11
      13
      15
       7
      15
       6
      11
      14
       9
       8
      11
      11
      12
      11
      13
      11
      19
      13
      10
      10
      11
      27
      13
      13
       9
      13
      14
      12
       8
      16
       7
      12
      12
      12
      13
       8
      18
      13
      14
      10
      19
      10
      10
      16
      19
       8
      11
      14
      12
      13
      14
      14
       7
       8
      12
      12
      11
      10
       8
      10
      11
      13
      15
      10
      10
       9
      14
      10
      10
      16
      11
       7
      11
      18
      11
      13
       8
      12
      15
       9
      14
      14
      20
       9
      20
      14
      12
      15
       9
       8
      16
      11
       8
      10
      18
       7
       7
       7
      18
      10
      13
      12
      11
      13
      14
      13
      15
       5
      10
      10
       8
      11
      18
      13
       9
       5
      16
      10
      19
       8
       7
       8
      14
      15
      16
      11
      12
       9
      15
      19
      13
      12
      10
      13
      17
      17
      11
      16
       7
      11
      14
      14
       8
      15
      14
      13
      11
       7
      11
      13
      16
      16
       8
      17
       8
      15
      10
      15
      12
       8
      17
       7
      18
      17
      15
      16
      13
       7
       7
      15
      19
       8
      12
       7
       9
       9
      12
      15
      15
      12
      19
      10
       8
      13
      13
      15
      12
       9
       7
      11
       9
      10
       5
      16
       6
      11
      10
      13
      15
      13
      17
       8
       6
      13
      12
       8
      10
      13
       8
      13
       7
       7
       9
      18
      11
      14
      13
      12
      13
       9
      14
      11
       9
      11
      13
      14
      13
      11
      18
       5
      11
      14
      15
       9
      16
      14
      12
       9
      15
      19
      11
       8
      15
      17
      14
      11
       9
      10
      17
      15
      21
       9
      11
      12
      10
      10
      18
      10
      14
      15
       8
      11
      14
       8
      10
      14
       9
      11
      13
      18
       5
      10
      11
      19
       9
      10
      10
      12
      14
      10
      16
      11
       9
      15
      11
      10
       9
       2
       6
       6
      14
       9
      12
      11
       7
       9
      12
      14
       9
       9
      14
      11
       7
      11
      13
       6
      11
      16
      13
      10
      11
      14
       9
       6
       9
      13
       7
      10
       5
      13
      11
      10
      11
      14
       7
      10
      15
       8
       9
       5
      12
      11
       8
       7
       5
      11
       8
       9
       9
      11
      11
      12
       9
       8
       9
       7
       6
       9
       9
       9
       9
      15
      14
       7
       6
       9
       7
       9
      10
       5
       7
       7
       2
      10
       5
       8
       8
       8
       5
      11
       4
       8
       3
       6
       8
      12
       9
       4
       8
       4
       6
       8
       6
       6
      13
      10
       5
       6
       6
       4
       7
      11
       6
       6
       5
       4
       9
       6
       5
       8
       4
       3
       8
      12
       7
       6
       4
       6
       6
       5
       7
       8
       4
       3
       4
       5
       7
       4
       1
       9
       3
       8
       7
       8
       8
       6
       6
       8
       4
       3
       3
       4
      12
      10
       8
       3
       5
       6
       3
       4
       7
       4
       5
       4
       5
       3
       3
       9
       3
       5
       3
      10
       6
       9
       2
      12
       4
       5
       2
       3
       1
       3
       5
       3
       4
       3
       6
       2
       4
       7
       5
       4
       3
       3
       4
       6
       5
       3
       5
       5
       4
       3
       3
       1
       4
       5
       2
       5
       2
       3
       5
       2
       3
       1
       2
       3
       2
       1
       3
       4
       8
       2
       4
       4
       3
       3
       3
       2
       3
       5
       5
       5
       3
       4
       2
       1
       2
       3
       0
       2
       3
       3
       6
       0
       4
       3
       1
       5
       8
       2
       3
       6
       7
       1
       2
       2
       3
       6
       0
       6
       4
       4
       6
       3
       1
       5
       4
       0
       2
       3
       2
       5
       0
       1
       5
       3
       2
       2
       5
       4
       3
       3
       3
       2
       5
       2
       2
       1
       3
       3
       2
       4
       2
       3
       5
       7
       0
       3
       1
       4
       3
       1
       5
       1
       4
       2
       3
       3
       2
       5
       0
       4
       2
       4
       1
       1
       0
       1
       4
       5
       1
       2
       5
       2
       4
       2
       1
       2
       6
       1
       0
       1
       1
       4
       3
       2
       5
       1
       1
       7
       0
       1
       1
       1
       2
       1
       0
       2
       0
       1
       1
       1
       0
       0
       0
       1
       3
       3
       1
       1
       0
       3
       1
       1
       3
       1
       2
       3
       2
       1
       1
       2
       1
       4
       2
       2
       4
       0
       4
       2
       1
       6
       2
       3
       3
       1
       4
       2
       0
       2
       1
       3
       5
       2
       2
       0
       3
       3
       1
       3
       2
       2
       3
       2
       1
       0
       2
       1
       4
       3
       1
       3
       2
       2
       3
       2
       3
       7
       3
       2
       2
       0
       7
       3
       7
       0
       3
       0
       1
       3
       2
       2
       1
       2
       4
       1
       3
       2
       3
       3
       2
       3
       2
       2
       1
       2
       6
       5
       1
       3
       0
       2
       3
       2
       1
       6
       3
       3
       3
       2
       2
       3
       0
       1
       4
       4
       4
       4
       3
       5
       1
       4
       4
       4
       6
       0
       2
       3
       6
       3
       3
       6
       3
       4
       4
       3
       4
       4
       4
       3
       1
       6
       4
       2
       3
       5
       5
       6
       6
       5
       7
       5
       9
       6
       8
       8
       7
       9
      11
       5
       8
       2
       8
       6
       8
      10
       9
       8
      15
       6
      11
       4
      10
      11
      10
      16
      15
      12
      15
      14
      10
      19
      11
      19
      13
      19
       9
      22
      23
      21
      23
      19
      25
      14
      26
      21
      24
      27
      25
      36
      24
      17
      30
      25
      29
      36
      29
      20
      27
      29
      25
      31
      29
      20
      24
      26
      24
      21
      21
      19
      24
      21
      18
      17
      23
      10
      13
      15
      11
       6
       9
       6
       2
       6
       2
       6
       1
       4
       2
       2
       3
       1
       2
       2
       0
       2
       0
       3
       2
       1
       1
       0
       0
       0
       0
       1
       1
       1
       1
       0
       1
       0
       0
       1
       1
       1
       4
       1
       1
       0
       1
       0
       1
       1
       1
       1
       0
       0
       1
       0
       0
       0
       0
       2
       0
       0
       1
       1
       0
       2
       1
       0
       0
       0
       0
       1
       1
       1
       0
       1
       0
       1
       2
       1
       1
       1
       0
       2
       0
       1
       1
       2
       2
       0
       0
       1
       1
       2
       0
       0
       0
       0
       0
       2
       0
       0
       1
       1
       0
       1
       1
       1
       1
       1
       1
       0
       0
       1
       2
       1
       0
       2
       0
       2
       0
       1
       1
       0
       0
       0
       2
       1
       0
       0
       0
       1
       0
       1
       0
       1
       1
       1
       2
       0
       1
       0
       3
       0
       0
       1
       0
       0
       0
       0
       1
       1
       0
       0
       1
       0
       0
       1
       2
       2
       0
       1
       1
       0
       0
       2
       1
       0
       1
       1
       0
       2
       1
       0
       0
       0
       0
       1
       0
       0
       1
       0
       0
       0
       0
       0
       1
       0
       1
       2
       1
       0
       0
       0
       1
       0
       2
       1
       0
       1
       0
       1
       1
       0
       2
       0
       0
       1
       0
       0
       1
       1
       0
       1
       0
       1
       0
       2
       1
       0
       1
       2
       2
       0
       0
       0
       2
       2
       1
       0
       1
       0
       0
       0
       0
       2
       0
       0
       0
       2
       0
       1
       0
       0
       0
       0
       0
       0
       1
       0
       1
       1
       1
       1
       0
       0
       0
       0
       0
       2
       0
       1
       0
       1
       0
       0
       1
       0
       2
       0
       1
       1
       0
       0
       0
       0
       0
       0
       1
       0
       1
       0
       0
       0
       0
       2
       1
       1
       0
       0
       0
       2
       0
       4
       0
       0
       0
       0
       0
       1
       1
       0
       1
       0
       1
       1
       0
       1
       0
       0
       0
       0
       1
       0
       1
       0
       2
       1
       1
       0
       2
       0
       0
       0
       0
       0
       1
       3
       1
       0
       0
       0
       0
       2
       0
       0
       0
       0
       2
       2
       1
       1
       1
       1
       0
       1
       0
       0
       0
       0
       1
       0
       1
       0
       0
       0
       0
       0
       0
       0
       2
       0
       0
       0
       0
       0
       3
       1
       0
       0
       1
       2
       1
       0
       0
       1
       1
       1
       2
       0
       0
       0
       0
       0
       0
       2
       3
       1
       0
       1
       2
       0
       0
       0
       1
       0
       1
       1
       0
       0
       0
       1
       0
       0
       0
       0
       0
       2
       0
       0
       0
       0
       0
       1
       0
       0
       0
       1
       1
       1
       2
       1
       0
       0
       0
       1
       0
       1
       0
       0
       0
       0
       0
       1
       0
       1
       1
       1
       1
       0
       0
       0
       1
       0
       0
       0
       0
       0
       0
       0
       0
       0
       1
       1
       0
       0
       1
       1
       1
       0
       2
       0
       0
       1
       0
       1
       0
       0
       0
       0
       0
       1
       0
       0
       0
       0
       1
       1
       0
       0
       0
       1
       0
       0
       1
       0
       0
       1
       0
       0
       0
       0
       0
       0
       0
       1
       2
       0
       1
       0
       0
       0
       0
       0
       1
       0
       1
       1
       0
       0
       1
       1
       1
       0
       1
       1
       0
       0
       1
       0
       0
       1
       1
       1
       1
       0
       0
       1
       0
       0
       0
       1
       1
       0
       0
       1
       1
       0
       1
       0
       0
       0
       0
       0
       0
       1
       0
       0
       1
       0
       0
       0
       0
       0
       1
       1
       0
       0
       0
       1
       0
       1
       0
       1
       0
       0
       0
       1
       0
       1
       1
       2
       0
       1
       0
       0
       0
       1
       0
       0
       0
       0
       1
       0
       1
       0
       0
       0
       0
       1
       1
       0
       0
       0
       0
       0
       2
       0
       1
       0
       0
       0
       1
       1
       1
       0
       2
       0
       0
       2
       0
       0
       0
       0
       0
       1
       0
       1
       0
       0
       0
       1
       0
       0
       0
       0
       0
       2
       1
       0
       0
       0
       0
       0
       0
       1
       0
       0
       0
       0
       0
       0
       1
       0
       1
       2
       2
       0
       0
       1
       0
       0
       0
       2
       0
       1
       1
       0
       1
       2
       0
       0
       1
       0
       0
       1
       1
       1
       1
       2
       2
       1
       1
       0
       1
       0
       0
       0
       0
       1
       1
       1
       0
       0
       1
       0
       0
       1
       0
       1
       0
       2
       1
       0
       0
       1
       0
       0
       0
       0
       0
       0
       0
       0
       0
       0
       2
       0
       1
       1
       0
       0
       0
       0
       0
       2
       1
       0
       1
       0
       2
       0
       0
       0
       1
       0
       1
       1
       0
       0
       0
       0
       0
       1
       0
       0
       0
       0
       0
       0
       0
       0
       1
       1
       1
       0
       0
       2
       0
       1
       0
       1
       0
       0
       0
       1
       0
       0
       0
       1
       1
       1
       1
       0
       1
       0
       0
       1
       0
       1
       0
       0
       2
       0
       1
       2
       0
       0
       0
       0
       1
       1
       1
       0
       1
       0
       1
       1
       0
       1
       0
       0
       0
       0
       0
       1
       0
       1
       0
       1
       0
       0
       0
       0
       0
       0
       0
       1
       0
       1
       0
       0
       0
       0
       0
       1
       0
       1
       0
       2
       0
       1
       1
       0
       0
       1
       0
       0
       1
       3
       0
       1
       0
       0
       0
       0
       1
       1
       0
       0
       0
       0
       0
       0
       0
       0
       0
       2
       1
       0
       0
       3
       1
       0
       0
       1
       0
       0
       0
       0
       1
       0
       0
       0
       2
       0
       1
       0
       0
       1
       0
       1
       1
       0
       0
       0
       0
       0
       0
       0
       0
       1
       0
       0
       0
       1
       0
       1
       1
       2
       0
       0
       0
       1
       0
       0
       0
       0
       0
       0
       0
       0
       0
       0
       2
       0
       0
       0
       0
       0
       0
       1
       1
       0
       0
       0
       0
       0
       1
       0
       0
       0
       0
       0
       1
       0
       0
       0
       1
       1
       0
       0
       0
       0
       2
       0
       0
       1
       0
       1
       0
       0
       1
       0
       0
       1
       1
       0
       0
       1
       1
       0
       0
       0
       0
       0
       0
       2
       0
       0
       1
       0
       0
       0
       0
       0
       1
       0
       0
       0
       0
       0
       1
       0
       0
       1
       1
       0
       0
       0
       1
       0
       1
       1
       0
       0
       0
       0
       0
       0
       0
       0
       0
       1
       0
       0
       0
       0
       0
       0
       1
       0
       3
       2
       0
       0
       0
       1
       0
       2
       0
       0
       1
       0
       0
       0
       0
       0
       1
       0
       0
       0
       1
       1
       0
       0
       0
       1
       0
       2
       0
       0
       1
       0
       0
       0
       0
       0
       0
       0
       0
       0
       0
       1
       0
       1
       0
       0
       1
       0
       1
       0
       0
       0
       1
       0
       0
       0
       0
       1
       0
       0
       2
       0
       1
       0
       3
       0
       0
       2
       0
       0
       1
       0
       3
       0
       0
       0
       0
       0
       0
       1
       0
       0
       0
       1
       0
       0
       1
       0
       0
       0
       0
       0
       0
       0
       1
       2
       0
       0
       0
       2
       1
       1
       1
       1
       0
       2
       0
       0
       0
       0
       1
       0
       1
       1
       1
       0
       2
       0
       1
       1
       1
       1
       0
       0
       0
       0
       1
       0
       1
       0
       1
       0
       0
       1
       1
       0
       0
       0
       1
       0
       0
       0
       0
       0
       0
       0
       0
       0
       0
       0
       1
       0
       0
       0
       0
       0
       0
       0
       0
       1
       1
       0
       1
       0
       0
       0
       0
       1
       0
       0
       0
       0
       0
       0
       1
       1
       0
       1
       1
       0
       0
       0
       0
       0
       0
       0
       0
       0
       1
       1
       1
       0
       0
       0
       0
       0
       0
       0
       0
       0
       0
       0
       0
       0
       0
       0
       0
       1
       0
       0
       1
       1
       0
       0
       0
       0
       0
       0
       1
       0
       0
       0
       0
       0
       1
       0
       0
       0
       1
       0
       0
       1
       0
       0
       0
       0
       0
       0
       0
       0
       0
       0
       0
       0
       0
       1
       0
       0
       0
       0
       0
       0
       0
       1
       1
       0
       0
       0
       1
       1
       0
       0
       1
       0
       0
       2
       0
       0
       0
       0
       1
       0
       0
       0
       0
       2
       0
       0
       0
       1
       0
       0
       0
       0
       0
       0
       0
       0
       0
       0
       0
       1
       1
       0
       0
       1
       0
       0
       0
       0
       1
       0
       0
       0
       0
       1
       0
       0
       0
       1
       0
       2
       0
       0
       0
       1
       1
       0
       0
       0
       0
       0
       0
       0
       0
       0
       0
       0
       0
       0
       1
       0
       0
       0
       0
       0
       0
       0
       0
       1
       0
       0
       1
       0
       0
       0
       1
       1
       1
       0
       0
       0
       0
       0
       0
       0
       0
       0
       0
       0
       0
       0
       0
       2
       0
       0
       0
       0
       0
       0
       0
       0
       0
       0
       1
       0
       0
       1
       0
       0
       0
       0
       0
       0
       1
       0
       1
       0
       0
       0
       0
       0
       1
       1
       0
       0
       2
       0
       0
       0
       0
       0
       1
       1
       0
       0
       0
       1
       0
       0
       1
       0
       0
       2
       0
       0
       0
       1
       0
       0
       2
       0
       0
       0
       1
       0
       0
       0
       2
       0
       0
       2
       0
       1
       0
       0
       0
       0
       2
       1
       1
       0
       1
       0
       0
       1
       1
       0
       0
       0
       1
       0
       0
       0
       0
       0
       0
       0
       0
       0
       0
       0
       0
       0
       1
       0
       0
       0
       0
       0
       1
       1
       0
       0
       0
       0
       0
       0
       0
       0
       0
       2
       0
       1
       0
       0
       0
       0
       0
       0
       1
       0
       1
       0
       1
       0
       0
       0
       0
       2
       0
       0
       0
       2
       1
       0
       0
       0
       0
       0
       0
       0
       1
       1
       0
       0
       0
       0
       0
       0
       0
       0
       0
       1
       0
       0
       0
       0
       0
       1
       0
       1
       0
       0
       0
       0
       0
       0
       2
       2
       0
       0
       0
       0
       0
       0
       0
       0
       0
       0
       0
       0
       0
       2
       1
       0
       0
       0
       0
       1
       1
       0
       0
       0
       0
       0
       1
       1
       0
       1
       0
       2
       0
       0
       0
       0
       1
       0
       0
       0
       0
       0
       0
       0
       0
       0
       0
       0
       0
       0
       0
       0
       0
       1
       0
       0
       0
       0
       0
       0
       0
       0
       0
       1
       1
       0
       1
       0
       0
       0
       0
       0
       0
       0
       1
       0
       1
       0
       1
       1
       1
       0
       0
       0
       0
       0
       0
       0
       0
       2
       0
       0
       0
       0
       0
       0
       0
       0
       1
       0
       0
       0
       0
       0
       0
       0
       0
       0
       0
       0
       0
       0
       0
       1
       0
       0
       1
       0
       0
       0
       0
       0
       0
       0
       0
       0
       0
       2
       0
       0
       0
       1
       1
       1
       0
       0
       1
       0
       0
       0
       0
       0
       1
       0
       0
       0
       0
       0
       0
       1
       0
       0
       0
       0
       0
       0
       0
       0
       0
       0
       0
       0
       0
       0
       0
       0
       0
       0
       0
       0
       0
       0
       0
       0
       1
       0
       0
       0
       1
       0
       0
       0
       0
       0
       0
       0
       1
       0
       0
       0
       0
       0
       0
       0
       0
       0
       0
       0
       0
       0
       1
       0
       0
       0
       0
       0
       0
       0
       0
       0
       0
       0
       0
       0
       0
       0
       0
       0
       1
       0
       0
       0
       0
       0
       0
       0
       0
       0
       0
       0
       0
       0
       0
       0
       0
       0
       0
       0
       0
       0
       1
       0
       0
       0
       0
       0
       0
       0
       0
       0
       0
       0
       0
       0
       0
       1
       0
       1
       2
       0
       0
       0
       0
       0
       0
       0
       0
       0
       0
       0
       0
       0
       0
       0
       0
       0
       0
       0
       0
       0
       1
       0
       0
       0
       0
       0
       0
       1
       0
       0
       0
       0
       0
       0
       0
       0
       1
       0
       0
       0
       0
       1
       0
       0
       0
       0
       0
       0
       0
       0
       0
       0
       0
       0
       0
       0
       0
       0
       0
       0
       0
       2
       0
       0
       0
       0
       0
       0
       0
       0
       0
       1
       0
       0
       0
       0
       0
       0
       0
       1
       0
       0
       0
       1
       0
       0
       0
       0
       0
       0
       0
       0
       0
       0
       0
       0
       0
       0
       0
       0
       0
       0
       0
       0
       0
       0
       0
       0
       0
       0
       0
       0
       0
       0
       1
       0
       0
       0
       0
       1
       0
       0
       1
       0
       0
       0
       1
       1
       1
       0
       0
       1
       0
       0
       1
       0
       0
       0
       0
       0
       0
       0
       0
       0
       0
       0
       0
       0
       0
       0
       0
       0
       0
       1
       0
       0
       0
       0
       0
       0
       0
       1
       0
       0
       0
       0
       0
       2
       0
       0
       0
       0
       0
       0
       0
       0
       0
       0
       1
       0
       0
       0
       0
       0
       0
       0
       0
       0
       0
       0
       0
       0
       0
       0
       1
       0
       0
       0
       0
       0
       0
       0
       1
       0
       0
       0
       1
       0
       0
       0
       0
       0
       0
       0
       0
       0
       0
       0
       1
       0
       0
       1
       1
       0
       0
       0
       0
       0
       0
       0
       0
       0
       0
       0
       0
       1
       0
       0
       0
       0
       0
       0
       0
       0
       0
       0
       0
       0
       0
       0
       0
       0
       0
       0
       0
       0
       0
       0
       0
       0
       0
       0
       0
       0
       0
       0
       0
       0
       0
       0
       0
       0
       0
       0
       0
       0
       0
       0
       0
       0
       0
       1
       0
       0
       0
       0
       0
       0
       0
       0
       0
       0
       1
       1
       0
       0
       0
       1
       0
       0
       0
       0
       0
       0
       0
       0
       0
       0
       0
       1
       0
       0
       0
       0
       0
       0
       0
       0
       0
       0
       0
       0
       0
       0
       0
       0
       0
       1
       1
       0
       0
       0
       0
       0
       0
       0
       0
       0
       0
       0
       0
       0
       0
       0
       0
       0
       0
       0
       0
       0
       0
       0
       0
       0
       0
       0
       0
       1
       0
       1
       1
       0
       1
       0
       0
       0
       0
       0
       0
       0
       0
       0
       1
       0
       0
       1
       0
       2
       0
       0
       1
       0
       1
       0
       0
       0
       0
       2
       1
       0
       0
       0
       0
       0
       0
       0
       0
       0
       0
       0
       0
       0
       0
       0
       0
       0
       0
       0
       0
       0
       0
       0
       0
       0
       0
       0
       0
       0
       0
       0
       0
       0
       0
       0
       0
       0
       0
       0
       0
       0
       0
       0
       0
       0
       0
       0
       0
       0
       0
       0
       0
       0
       0
       0
       0
       0
       0
       0
       0
       0
       0
       0
       0
       0
       0
       0
       0
       0
       0
       0
       0
       0
       0
       0
       0
       0
       0
       0
       0
       0
       0
       0
       0
       0
       0
       0
       0
       0
       0
       0
       0
       0
       0
       0
       0
       0
       0
       0
       0
       0
       0
       0
       0
       0
       0
       0
       0
       0
       0
       0
       0
       0
       0
       0
       0
       0
       0
       0
       0
       0
       0
       0
       0
       0
       0
       0
       0
       0
       0
       0
       0
       0
       0
       0
       0
       0
       0
       0
       0
       0
       0
       0
       0
       0
       0
       0
       0
       0
       0
       0
       0
       0
       0
       0
       0
       0
       0
       0
       0
       0
       0
       0
       0
       0
       0
       0
       0
       0
       0
       0
       0
       0
       0
       0
       0
       0
       0
       0
       0
       0
       0
       0
       0
       0
       0
       0
       0
       0
       0
       0
       0
       0
       0
       0
       0
       0
       0
       0
       0
       0
       0
       0
       0
       0
       0
       0
       0
       0
       0
       0
       0
       0
       0
       0
       0
       0
       0
       0
       0
       0
       0
       0
       0
       0
       0
       0
       0
       0
       0
       0
       0
       0
       0
       0
       0
       0
       0
       0
       0
       0
       0
       0
       0
       0
       0
       0
       0
       0
       0
       0
       0
       0
       0
       0
       0
       0
       0
       0
       0
       0
       0
       0
       0
       0
       0
       0
       0
       0
       0
       0
       0
       0
       0
       0
       0
       0
       0
       0
       0
       0
       0
       0
       0
       0
       0
       0
       0
       0
       0
       0
       0
       0
       0
       0
       0
       0
       0
       0
       0
       0
       0
       0
       0
       0
       0
       0
       0
       0
       0
       0
       0
       0
       0
       0
       0
       0
       0
       0
       0
       0
       0
       0
       0
       0
       0
       0
       0
       0
       0
       0
       0
       0
       0
       0
       0
       0
       0
       0
       0
       0
       0
       0
       0
       0
       0
       0
       0
       0
       0
       0
       0
       0
       0
       0
       0
       0
       0
       0
       0
       0
       0
       0
       0
       0
       0
       0
       0
       0
       0
       0
       0
       0
       0
       0
       0
       0
       0
       0
       0
       0
       0
       0
       0
       0
       0
       0
       0
       0
       0
       0
       0
       0
       0
       0
       0
       0
       0
       0
       0
       0
       0
       0
       0
       0
       0
       0
       0
       0
       0
       0
       0
       0
       0
       0
       0
       0
       0
       0
       0
       0
       0
       0
       0
       0
       0
       0
       0
       0
       0
       0
       0
       0
       0
       0
       0
       0
       0
       0
       0
       0
       0
       0
       0
       0
       0
       0
       0
       0
       0
       0
       0
       0
       0
       0
       0
       0
       0
       0
       0
       0
       0
       0
       0
       0
       0
       0
       0
       0
       0
       0
       0
       0
       0
       0
       0
       0
       0
       0
       0
       0
       0
       0
       0
       0
       0
       0
       0
       0
       0
       0
       0
       0
       0
       0
       0
       0
       0
       0
       0
       0
       0
       0
       0
       0
       0
       0
       0
       0
       0
       0
       0
       0
       0
       0
       0
       0
       0
       0
       0
       0
       0
       0
       0
       0
       0
       0
       0
       0
       0
       0
       0
       0
       0
       0
       0
       0
       0
       0
       0
       0
       0
       0
       0
       0
       0
       0
       0
       0
       0
       0
       0
       0
       0
       0
       0
       0
       0
       0
       0
       0
       0
       0
       0
       0
       0
       0
       0
       0
       0
       0
       0
       0
       0
       0
       0
       0
       0
       0
       0
       0
       0
       0
       0
       0
       0
       0
       0
       0
       0
       0
       0
       0
       0
       0
       0
       0
       0
       0
       0
       0
       0
       0
       0
       0
       0
       0
       0
       0
       0
       0
       0
       0
       0
       0
       0
       0
       0
       0
       0
       0
       0
       0
       0
       0
       0
       0
       0
       0
       0
       0
       0
       0
       0
       0
       0
       0
       0
       0
       0
       0
       0
       0
       0
       0
       0
       0
       0
       0
       0
       0
       0
       0
       0
       0
       0
       0
       0
       0
       0
       0
       0
       0
       0
       0
       0
       0
       0
       0
       0
       0
       0
       0
       0
       0
       0
       0
       0
       0
       0
       0
       0
       0
       0
       0
       0
       0
       0
       0
       0
       0
       0
       0
       0
       0
       0
       0
       0
       0
       0
       0
       0
       0
       0
       0
       0
       0
       0
       0
       0
       0
       0
       0
       0
       0
       0
       0
       0
       0
       0
       0
       0
       0
       0
       0
       0
       0
       0
       0
       0
       0
       0
       0
       0
       0
       0
       0
       0
       0
       0
       0
       0
       0
       0
       0
       0
       0
       0
       0
       0
       0
       0
       0
       0
       0
       0
       0
       0
       0
       0
       0
       0
       0
       0
       0
       0
       0
       0
       0
       0
       0
       0
       0
       0
       0
       0
       0
       0
       0
       0
       0
       0
       0
       0
       0
       0
       0
       0
       0
       0
       0
       0
       0
       0
       0
       0
       0
       0
       0
       0
       0
       0
       0
       0
       0
       0
       0
       0
       0
       0
       0
       0
       0
       0
       0
       0
       0
       0
       0
       0
       0
       0
       0
       0
       0
       0
       0
       0
       0
       0
       0
       0
       0
       0
       0
       0
       0
       0
       0
       0
       0
       0
       0
       0
       0
       0
       0
       0
       0
       0
       0
       0
       0
       0
       0
       0
       0
       0
       0
       0
       0
       0
       0
       0
       0
       0
       0
       0
       0
       0
       0
       0
       0
       0
       0
       0
       0
       0
       0
       0
       0
       0
       0
       0
       0
       0
       0
       0
       0
       0
       0
       0
       0
       0
       0
       0
       0
       0
       0
       0
       0
       0
       0
       0
       0
       0
       0
       0
       0
       0
       0
       0
       0
       0
       0
       0
       0
       0
       0
       0
       0
       0
       0
       0
       0
       0
       0
       0
       0
       0
       0
       0
       0
       0
       0
       0
       0
       0
       0
       0
       0
       0
       0
       0
       0
       0
       0
       0
       0
       0
       0
       0
       0
       0
       0
       0
       0
       0
       0
       0
       0
       0
       0
       0
       0
       0
       0
       0
       0
       0
       0
       0
       0
       0
       0
       0
       0
       0
       0
       0
       0
       0
       0
       0
       0
       0
       0
       0
       0
       0
       0
       0
       0
       0
       0
       0
       0
       0
       0
       0
       0
       0
       0
       0
       0
       0
       0
       0
       0
       0
       0
       0
       0
       0
       0
       0
       0
       0
       0
       0
       0
       0
       0
       0
       0
       0
       0
       0
       0
       0
       0
       0
       0
       0
       0
       0
       0
       0
       0
       0
       0
       0
       0
       0
       0
       0
       0
       0
       0
       0
       0
       0
       0
       0
       0
       0
       0
       0
       0
       0
       0
       0
       0
       0
       0
       0
       0
       0
       0
       0
       0
       0
       0
       0
       0
       0
       0
       0
       0
       0
       0
       0
       0
       0
       0
       0
       0
       0
       0
       0
       0
       0
       0
       0
       0
       0
       0
       0
       0
       0
       0
       0
       0
       0
       0
       0
       0
       0
       0
       0
       0
       0
       0
       0
       0
       0
       0
       0
       0
       0
       0
       0
       0
       0
       0
       0
       0
       0
       0
       0
       0
       0
       0
       0
       0
       0
       0
       0
       0
       0
       0
       0
       0
       0
       0
       0
       0
       0
       0
       0
       0
       0
       0
       0
       0
       0
       0
       0
$ROI:
0
$PRESETS:
None
0
0
$ENER_FIT:
0.000000 0.000000
$MCA_CAL:
3
0.000000E+000 0.000000E+000 0.000000E+000 
$SHAPE_CAL:
3
0.000000E+000 0.000000E+000 0.000000E+000
