$SPEC_ID:
No sample description was entered.
$SPEC_REM:
DET# 1
DETDESC# Easy-MCA 2k Ser:11231610
AP# Maestro Version 7.01
$DATE_MEA:
04/26/2024 11:00:03
$MEAS_TIM:
5646 5677
$DATA:
0 2047
       0
       0
       0
       0
       0
       0
       0
       0
       0
       0
       0
       0
       0
       0
       0
       0
       0
       0
       0
       0
       0
       0
       0
       0
       0
       0
       0
       0
       0
       0
       0
       0
       0
       0
       0
       0
       0
       0
       0
       0
       0
       0
       0
       0
       0
       0
       0
       0
       0
       0
       0
       0
       0
       0
       0
       0
       0
       0
       0
       0
       0
       0
       0
       0
       0
       0
       0
       0
       0
       0
       0
       0
       0
       0
       0
       0
       0
       0
       0
       0
       0
       0
       0
       0
       0
       0
       0
       0
       0
       0
       0
       0
       0
       0
       0
       0
       0
       0
       7
     541
    4430
    4756
    5079
    5648
    5791
    6110
    6536
    6698
    6711
    6832
    7001
    6960
    6786
    6718
    6614
    6862
    6824
    6736
    6651
    6844
    6710
    6635
    6687
    6668
    6667
    6699
    6733
    6679
    6539
    6591
    6569
    6629
    6458
    6436
    6587
    6489
    6404
    6554
    6455
    6473
    6336
    6420
    6407
    6225
    6471
    6305
    6250
    6321
    6140
    6288
    6187
    6149
    6080
    6050
    6153
    6052
    6135
    6022
    5915
    6202
    6084
    5875
    6014
    5984
    5866
    5843
    5835
    5995
    5767
    5907
    5781
    5786
    5735
    5657
    5486
    5755
    5562
    5701
    5746
    5675
    5539
    5673
    5497
    5528
    5428
    5612
    5366
    5476
    5499
    5348
    5315
    5426
    5305
    5204
    5240
    5426
    5282
    5130
    5316
    5176
    5174
    5248
    5162
    5244
    5170
    5024
    5139
    4999
    5142
    5333
    5040
    5033
    4967
    5046
    4934
    4912
    4898
    4858
    4823
    4870
    4825
    4877
    4807
    4781
    4670
    4719
    4757
    4669
    4643
    4612
    4579
    4670
    4602
    4606
    4612
    4580
    4553
    4603
    4549
    4506
    4498
    4496
    4478
    4399
    4387
    4364
    4340
    4388
    4379
    4186
    4373
    4336
    4305
    4256
    4234
    4195
    4056
    4112
    4227
    4110
    4091
    4151
    4001
    4234
    4062
    4074
    4012
    4084
    4038
    4020
    3958
    4076
    3985
    3826
    3947
    3933
    4030
    3996
    3935
    3795
    3854
    3878
    3636
    3850
    3763
    3806
    3718
    3699
    3616
    3621
    3673
    3615
    3592
    3700
    3564
    3691
    3518
    3596
    3593
    3393
    3619
    3547
    3600
    3586
    3580
    3592
    3600
    3644
    3617
    3612
    3650
    3666
    3824
    3832
    3841
    3950
    3795
    3878
    3951
    3952
    3887
    3950
    3838
    3715
    3664
    3657
    3762
    3652
    3656
    3676
    3592
    3609
    3415
    3417
    3415
    3242
    3381
    3240
    3290
    3298
    3195
    3230
    3119
    3019
    2961
    2945
    3093
    3020
    2970
    2870
    2915
    2883
    2911
    2866
    2898
    2892
    2772
    2776
    2681
    2772
    2755
    2696
    2829
    2664
    2706
    2634
    2730
    2645
    2629
    2656
    2586
    2594
    2595
    2521
    2589
    2529
    2534
    2646
    2527
    2611
    2497
    2569
    2450
    2583
    2533
    2416
    2518
    2487
    2542
    2536
    2373
    2442
    2561
    2522
    2572
    2599
    2564
    2623
    2605
    2599
    2601
    2541
    2631
    2689
    2731
    2700
    2866
    2857
    3083
    3095
    3289
    3519
    3986
    4312
    4876
    5382
    5939
    6272
    6393
    6414
    6014
    5407
    4795
    3768
    3181
    2465
    2025
    1512
    1321
    1138
    1085
    1045
    1056
    1030
     966
     965
     945
     954
     961
    1000
     915
     925
     953
     986
     936
     940
     966
     962
    1008
     945
     973
     970
     927
     984
     956
     984
     992
     940
     996
     936
     964
     968
     930
     955
     951
     989
     954
     972
    1001
     921
     896
     958
     990
     940
     994
     950
     963
     971
     972
     942
    1004
     921
    1021
     984
     990
     935
     972
     979
    1002
     959
     992
     957
    1027
     997
     953
     960
     936
    1050
     978
     919
    1001
     988
     977
     998
     957
    1012
    1012
    1014
    1038
     984
    1025
     955
     999
     939
     967
     979
     986
    1064
     970
     900
    1008
     972
     974
     952
    1029
     971
    1003
     942
    1016
     982
    1004
    1029
     930
    1030
    1013
     956
    1023
     973
     954
     974
    1004
     998
    1020
    1045
    1020
     973
    1049
     959
    1039
     977
     993
     984
     962
     991
     943
     995
    1004
     968
    1026
    1017
    1013
     989
     972
    1027
    1018
     985
    1014
    1026
    1021
     996
     979
    1043
    1021
     993
    1012
     981
    1045
    1046
     993
     992
    1032
    1002
     987
     952
    1031
     984
     999
    1074
     965
    1047
     973
     974
     972
    1015
     923
    1015
     955
    1064
    1014
    1011
     983
    1040
     961
     988
     947
     976
     992
     942
    1024
     979
     968
     932
     975
     997
    1025
    1073
     999
    1000
     968
     959
     994
    1025
    1013
     987
     948
     976
    1000
     993
    1013
    1043
     985
     935
     941
    1012
     961
    1029
     971
     961
     956
     965
     946
     935
     979
     947
     964
     953
     989
     931
    1015
    1011
     943
     959
    1009
     926
    1044
    1019
    1021
     984
    1004
     950
     974
    1013
     942
     914
     934
     952
     967
     942
     985
     942
    1011
     922
     957
     949
     866
     916
     964
     959
     953
     972
     947
     935
     917
     922
     990
     902
     942
     958
     904
     944
     952
     907
     944
     926
     935
     959
     953
     923
     922
     918
     901
     932
     882
     890
     881
     908
     861
     939
     914
     851
     892
     962
     926
     899
     846
     880
     915
     875
     852
     875
     814
     830
     842
     829
     883
     876
     815
     826
     801
     833
     804
     835
     803
     825
     798
     810
     763
     767
     767
     805
     820
     766
     726
     770
     775
     720
     728
     691
     706
     692
     687
     671
     659
     709
     626
     635
     651
     620
     564
     580
     602
     527
     545
     542
     496
     496
     473
     461
     431
     450
     400
     386
     374
     342
     337
     347
     308
     289
     259
     224
     201
     203
     202
     146
     153
     125
     106
     110
      88
      97
      82
      84
      96
      79
      85
      85
      73
      69
      71
      63
      67
      58
      76
      51
      61
      66
      66
      68
      70
      61
      44
      75
      64
      71
      55
      52
      65
      71
      69
      69
      79
      60
      59
      64
      58
      64
      61
      59
      72
      68
      59
      59
      57
      69
      56
      63
      70
      56
      55
      65
      70
      55
      68
      56
      67
      58
      59
      62
      58
      58
      49
      66
      58
      69
      56
      62
      56
      61
      73
      61
      50
      63
      70
      57
      63
      49
      49
      63
      59
      67
      61
      61
      59
      68
      55
      45
      55
      57
      43
      48
      59
      60
      66
      54
      46
      47
      55
      52
      55
      52
      39
      50
      49
      58
      42
      41
      56
      58
      45
      49
      46
      36
      42
      40
      40
      58
      32
      46
      45
      46
      48
      32
      33
      31
      51
      36
      53
      37
      49
      31
      46
      31
      31
      28
      30
      28
      26
      30
      32
      37
      25
      26
      23
      20
      21
      22
      14
      36
      16
      26
      18
      17
      15
      20
      16
       8
      10
       9
      12
       6
       5
       3
       6
       3
       2
       4
       2
       1
       1
       0
       1
       2
       2
       0
       2
       6
       2
       0
       2
       1
       3
       1
       2
       1
       1
       2
       1
       0
       2
       1
       1
       4
       2
       1
       2
       1
       0
       0
       1
       0
       0
       0
       2
       0
       2
       0
       1
       0
       0
       0
       0
       2
       0
       1
       1
       1
       1
       0
       0
       1
       1
       1
       0
       1
       1
       0
       4
       2
       1
       0
       0
       1
       2
       0
       0
       1
       2
       3
       1
       0
       0
       1
       2
       0
       1
       0
       0
       1
       1
       1
       1
       0
       0
       1
       1
       1
       0
       0
       0
       0
       2
       0
       1
       0
       1
       1
       2
       1
       0
       1
       0
       0
       0
       1
       0
       1
       0
       1
       0
       1
       2
       0
       0
       0
       0
       1
       1
       0
       0
       1
       0
       0
       0
       2
       2
       2
       2
       0
       1
       0
       1
       1
       0
       0
       1
       0
       0
       1
       2
       1
       1
       1
       0
       0
       0
       1
       1
       0
       0
       0
       1
       0
       1
       1
       0
       0
       0
       1
       0
       0
       1
       0
       0
       0
       0
       2
       0
       0
       0
       0
       1
       0
       0
       0
       0
       0
       1
       0
       2
       0
       0
       2
       0
       0
       1
       1
       0
       0
       0
       0
       1
       0
       1
       1
       1
       1
       0
       0
       1
       0
       0
       0
       0
       0
       0
       1
       0
       2
       0
       0
       0
       1
       1
       0
       0
       1
       1
       0
       0
       1
       1
       1
       0
       0
       0
       1
       0
       0
       0
       0
       0
       2
       0
       0
       0
       0
       0
       0
       0
       1
       0
       0
       0
       1
       0
       0
       0
       0
       0
       0
       0
       0
       0
       0
       0
       0
       1
       0
       0
       0
       1
       0
       0
       0
       0
       0
       0
       0
       1
       0
       1
       0
       0
       0
       0
       0
       0
       0
       0
       0
       0
       0
       1
       0
       0
       0
       0
       0
       0
       0
       0
       1
       0
       0
       2
       0
       0
       0
       0
       0
       0
       0
       1
       0
       1
       0
       0
       0
       0
       0
       1
       0
       0
       1
       0
       0
       0
       0
       0
       0
       0
       0
       0
       0
       0
       0
       0
       0
       0
       0
       0
       0
       0
       0
       0
       0
       0
       2
       0
       1
       0
       0
       0
       0
       0
       0
       0
       0
       0
       0
       0
       0
       0
       0
       0
       0
       0
       0
       0
       0
       0
       0
       0
       0
       0
       0
       0
       0
       1
       0
       0
       0
       0
       0
       1
       0
       0
       0
       1
       1
       0
       0
       0
       0
       0
       1
       1
       0
       0
       0
       0
       0
       0
       0
       0
       1
       0
       0
       0
       0
       0
       0
       0
       0
       0
       0
       0
       0
       0
       0
       0
       0
       0
       0
       0
       0
       0
       0
       0
       0
       0
       1
       0
       0
       0
       0
       0
       0
       0
       0
       0
       0
       0
       0
       0
       0
       0
       0
       0
       0
       0
       0
       0
       0
       0
       0
       0
       0
       0
       0
       0
       0
       0
       0
       0
       0
       1
       0
       0
       0
       0
       0
       0
       0
       0
       0
       0
       0
       0
       0
       1
       0
       0
       0
       0
       0
       0
       0
       0
       0
       1
       0
       0
       0
       0
       0
       0
       0
       0
       0
       0
       0
       0
       0
       0
       0
       2
       0
       0
       0
       0
       0
       0
       0
       1
       0
       0
       0
       0
       0
       0
       0
       0
       0
       0
       0
       0
       0
       0
       0
       0
       0
       0
       0
       0
       0
       0
       0
       0
       0
       0
       0
       0
       0
       0
       0
       0
       0
       0
       1
       0
       0
       0
       0
       0
       1
       0
       0
       0
       0
       0
       0
       0
       0
       0
       0
       0
       0
       1
       0
       0
       0
       0
       0
       0
       0
       0
       0
       0
       0
       0
       0
       0
       0
       0
       0
       0
       0
       0
       1
       0
       0
       0
       0
       0
       0
       0
       0
       0
       0
       0
       0
       0
       0
       0
       0
       0
       0
       0
       0
       0
       0
       0
       0
       0
       0
       0
       0
       0
       0
       0
       0
       0
       0
       0
       0
       0
       0
       0
       0
       0
       0
       0
       0
       0
       0
       0
       0
       0
       0
       0
       0
       0
       0
       0
       0
       0
       0
       0
       0
       0
       0
       0
       0
       0
       0
       0
       0
       0
       0
       0
       0
       0
       0
       0
       0
       0
       0
       0
       0
       0
       0
       0
       0
       0
       0
       0
       0
       0
       0
       0
       0
       0
       0
       0
       0
       0
       0
       0
       0
       0
       0
       0
       0
       0
       0
       0
       0
       0
       0
       0
       0
       0
       0
       0
       0
       0
       0
       0
       0
       0
       0
       0
       0
       0
       0
       0
       0
       0
       0
       0
       0
       0
       0
       1
       0
       0
       0
       0
       0
       0
       0
       0
       0
       0
       0
       0
       0
       0
       0
       0
       0
       0
       0
       0
       0
       0
       0
       0
       0
       0
       0
       0
       0
       0
       0
       0
       0
       0
       0
       0
       0
       0
       0
       0
       0
       0
       0
       0
       0
       0
       0
       0
       0
       0
       0
       0
       0
       0
       0
       0
       0
       0
       0
       0
       0
       0
       0
       0
       0
       0
       0
       0
       0
       0
       0
       0
       0
       0
       0
       0
       0
       0
       0
       0
       0
       0
       0
       0
       0
       0
       0
       0
       0
       0
       0
       0
       0
       0
       0
       0
       0
       0
       0
       0
       0
       0
       0
       0
       0
       0
       0
       0
       0
       0
       0
       0
       0
       0
       0
       0
       0
       0
       0
       0
       0
       0
       0
       0
       0
       0
       0
       0
       0
       0
       0
       0
       0
       0
       0
       0
       0
       0
       0
       0
       0
       0
       0
       0
       0
       0
       0
       0
       0
       0
       0
       0
       0
       0
       0
       0
       0
       0
       0
       0
       0
       0
       0
       0
       0
       0
       0
       0
       0
       0
       0
       0
       0
       0
       0
       0
       0
       0
       0
       0
       0
       0
       0
       0
       0
       0
       0
       0
       0
       0
       0
       0
       0
       0
       0
       0
       0
       0
       0
       0
       0
       0
       0
       0
       0
       0
       0
       0
       0
       0
       0
       0
       0
       0
       0
       0
       0
       0
       0
       0
       0
       0
       0
       0
       0
       0
       0
       0
       0
       0
       0
       0
       0
       0
       0
       0
       0
       0
       0
       0
       0
       0
       0
       0
       0
       0
       0
       0
       0
       0
       0
       0
       0
       0
       0
       0
       0
       0
       0
       0
       0
       0
       0
       0
       0
       0
       0
       0
       0
       0
       0
       0
       0
       0
       0
       0
       0
       0
       0
       0
       0
       0
       0
       0
       0
       0
       0
       0
       0
       0
       0
       0
       0
       0
       0
       0
       0
       0
       0
       0
       0
       0
       0
       0
       0
       0
       0
       0
       0
       0
       0
       0
       0
       0
       0
       0
       0
       0
       0
       0
       0
       0
       0
       0
       0
       0
       0
       0
       0
       0
       0
       0
       0
       0
       0
       0
       0
       0
       0
       0
       0
       0
       0
       0
       0
       0
       0
       0
       0
       0
       0
       0
       0
       0
       0
       0
       0
       0
       0
       0
       0
       0
       0
       0
       0
       0
       0
       0
       0
       0
       0
       0
       0
$ROI:
1
26 63
$PRESETS:
None
0
0
$ENER_FIT:
-40.692581 0.770317
$MCA_CAL:
3
-4.069258E+001 7.703171E-001 0.000000E+000 keV
$SHAPE_CAL:
3
4.268909E+001 2.500139E-002 0.000000E+000
