$SPEC_ID:
No sample description was entered.
$SPEC_REM:
DET# 1
DETDESC# Easy-MCA 2k Ser:11231610
AP# Maestro Version 7.01
$DATE_MEA:
04/23/2024 08:55:14
$MEAS_TIM:
761 773
$DATA:
0 2047
       0
       0
       0
       0
       0
       0
       0
       0
       0
       0
       0
       0
       0
       0
       0
       0
       0
       0
       0
       0
       0
       0
       0
       0
       0
       0
       0
       0
       0
       0
       0
       0
       0
       0
       0
       0
       0
       0
       0
       0
       0
       0
       0
       0
       0
       0
       0
       0
       0
       0
       0
       0
       0
       0
       0
       0
       0
       0
       0
       0
       0
       0
       0
       0
       0
       0
       0
       0
       0
       0
       0
       0
       0
       0
       0
       0
       0
       0
       0
       0
       0
       0
       0
       0
       0
       0
       0
       0
       0
       0
       0
       0
       0
       0
       0
       0
       0
       0
       2
     133
    1117
    1111
    1067
    1103
    1134
    1081
    1084
    1134
    1099
    1180
    1101
    1167
    1241
    1194
    1335
    1387
    1394
    1460
    1641
    1782
    1832
    2024
    2044
    2120
    2185
    2255
    2159
    2186
    2204
    2255
    2277
    2222
    2239
    2261
    2205
    2207
    2154
    2267
    2276
    2263
    2233
    2204
    2159
    2191
    2228
    2215
    2147
    2207
    2240
    2257
    2227
    2149
    2207
    2118
    2117
    2150
    2191
    2129
    2132
    2171
    2081
    2162
    2151
    2141
    2116
    2124
    2138
    2083
    2065
    2116
    2056
    2161
    2014
    2071
    2119
    1989
    2017
    2074
    2062
    2006
    1976
    2108
    2050
    1991
    2020
    1928
    1979
    2014
    1996
    1971
    1984
    1956
    1944
    1984
    2060
    1933
    1807
    1933
    1899
    1922
    1895
    1873
    1854
    1901
    1902
    1798
    1918
    1844
    1860
    1793
    1822
    1816
    1820
    1826
    1865
    1823
    1803
    1781
    1825
    1718
    1882
    1751
    1727
    1712
    1797
    1789
    1766
    1744
    1735
    1740
    1765
    1760
    1780
    1731
    1702
    1726
    1707
    1729
    1698
    1616
    1705
    1680
    1678
    1599
    1700
    1655
    1642
    1653
    1646
    1598
    1567
    1707
    1574
    1624
    1606
    1598
    1598
    1605
    1619
    1558
    1658
    1600
    1546
    1508
    1574
    1514
    1513
    1532
    1519
    1591
    1495
    1486
    1548
    1533
    1499
    1499
    1503
    1521
    1505
    1517
    1550
    1522
    1490
    1451
    1538
    1422
    1411
    1405
    1420
    1416
    1450
    1404
    1436
    1429
    1423
    1385
    1391
    1353
    1416
    1388
    1370
    1377
    1380
    1340
    1372
    1335
    1358
    1294
    1397
    1380
    1350
    1337
    1342
    1309
    1350
    1320
    1336
    1320
    1320
    1257
    1233
    1201
    1287
    1274
    1235
    1285
    1236
    1221
    1288
    1239
    1204
    1231
    1266
    1260
    1203
    1224
    1220
    1158
    1262
    1228
    1156
    1247
    1256
    1151
    1161
    1220
    1222
    1203
    1165
    1184
    1229
    1190
    1197
    1250
    1156
    1262
    1163
    1181
    1247
    1216
    1227
    1280
    1273
    1316
    1241
    1276
    1269
    1307
    1328
    1251
    1301
    1227
    1270
    1267
    1201
    1299
    1233
    1223
    1189
    1241
    1175
    1189
    1132
    1155
    1177
    1143
    1093
    1133
    1153
    1126
    1124
    1117
    1072
    1104
    1093
    1087
     993
    1074
    1045
    1045
    1007
    1005
    1012
    1042
     981
     950
     984
     989
     951
    1006
     993
     949
     954
     965
     906
     950
     897
     908
     879
     856
     936
     855
     875
     909
     902
     874
     930
     891
     893
     876
     876
     883
     842
     841
     843
     879
     884
     875
     870
     849
     872
     828
     899
     870
     869
     795
     822
     853
     863
     826
     823
     838
     889
     796
     867
     852
     826
     845
     805
     841
     845
     819
     813
     902
     851
     874
     860
     906
     923
     974
     963
     876
    1002
     973
    1096
    1167
    1237
    1339
    1460
    1533
    1713
    1860
    1901
    2114
    2093
    2138
    2022
    1785
    1703
    1462
    1243
    1129
     880
     767
     626
     508
     501
     429
     391
     382
     376
     354
     329
     353
     347
     342
     314
     318
     339
     336
     305
     358
     343
     307
     331
     338
     358
     337
     321
     315
     342
     331
     321
     343
     309
     307
     328
     333
     348
     326
     345
     301
     289
     328
     287
     328
     314
     305
     359
     325
     299
     321
     337
     340
     353
     317
     321
     335
     341
     318
     319
     314
     371
     339
     311
     331
     316
     345
     309
     319
     339
     318
     345
     341
     320
     298
     322
     378
     348
     311
     300
     334
     359
     341
     312
     325
     353
     314
     364
     341
     331
     354
     323
     356
     337
     356
     332
     332
     310
     336
     341
     316
     341
     335
     350
     363
     302
     345
     317
     319
     311
     348
     334
     309
     317
     333
     346
     336
     302
     330
     352
     368
     314
     339
     333
     338
     296
     362
     340
     335
     339
     343
     301
     333
     345
     348
     340
     328
     326
     334
     315
     305
     340
     361
     316
     343
     324
     335
     369
     311
     339
     327
     323
     392
     334
     331
     350
     326
     343
     337
     333
     317
     335
     338
     347
     342
     326
     311
     292
     321
     343
     349
     337
     354
     348
     299
     326
     306
     335
     347
     326
     308
     324
     325
     363
     367
     330
     323
     338
     336
     347
     338
     306
     356
     336
     355
     321
     344
     364
     325
     362
     318
     348
     364
     332
     334
     344
     344
     317
     343
     365
     352
     322
     327
     332
     336
     358
     342
     331
     296
     345
     371
     323
     306
     340
     354
     336
     302
     325
     336
     328
     347
     360
     335
     320
     328
     371
     348
     322
     344
     300
     319
     360
     335
     326
     292
     324
     329
     322
     347
     304
     309
     356
     326
     323
     332
     311
     331
     351
     320
     313
     332
     331
     331
     339
     327
     337
     307
     389
     329
     352
     356
     331
     335
     370
     320
     314
     277
     294
     326
     290
     354
     332
     326
     342
     349
     317
     328
     342
     324
     336
     323
     313
     321
     329
     299
     325
     320
     302
     332
     332
     324
     302
     305
     312
     304
     292
     307
     324
     283
     329
     314
     304
     305
     298
     315
     276
     319
     325
     272
     304
     291
     321
     317
     322
     286
     313
     313
     338
     297
     318
     292
     301
     298
     289
     342
     276
     304
     312
     284
     305
     296
     253
     304
     294
     303
     301
     269
     296
     265
     315
     255
     270
     261
     284
     298
     288
     287
     289
     268
     276
     279
     235
     252
     277
     253
     240
     280
     254
     226
     266
     240
     216
     228
     247
     217
     241
     253
     212
     209
     201
     216
     209
     212
     221
     220
     196
     205
     214
     229
     219
     184
     190
     187
     186
     171
     181
     170
     164
     159
     155
     154
     139
     140
     133
     149
     121
     124
     113
      96
     108
      90
      91
      81
      83
      72
      58
      43
      47
      39
      54
      40
      31
      41
      34
      45
      43
      31
      36
      34
      26
      22
      19
      24
      21
      28
      25
      26
      31
      30
      27
      17
      19
      22
      28
      25
      23
      15
      22
      28
      28
      26
      24
      25
      25
      26
      20
      25
      18
      30
      26
      15
      21
      28
      22
      17
      18
      30
      21
      17
      23
      17
      17
      24
      20
      20
      32
      17
      18
      27
      24
      28
      23
      22
      19
      21
      23
      21
      23
      15
      24
      30
      26
      24
      22
      20
      25
      26
      27
      26
      14
      20
      21
      20
      17
      16
      19
      18
      17
      19
      24
      21
      25
      30
      21
      22
      17
      20
      16
      22
      16
      19
      15
      17
      23
      17
      22
      19
      15
      22
      19
      27
      15
      18
      17
      23
      24
      19
      13
      18
      20
      19
      17
      16
      19
      17
      13
      13
      20
      14
      21
      16
      13
      16
      21
      14
      18
      16
      15
      11
      24
      13
      14
      11
      12
      15
      17
      18
      12
      14
      13
      24
      14
      13
      15
      16
      12
      13
      12
       8
       8
      20
      15
       9
      17
      13
       9
      11
      16
      10
       6
      12
       4
       8
      15
       4
       3
       9
       9
       8
       4
       5
       7
       7
       5
       4
       2
       3
       5
       6
       1
       6
       3
       2
       1
       2
       5
       1
       2
       3
       0
       2
       1
       0
       3
       0
       1
       1
       3
       2
       4
       3
       2
       2
       1
       0
       1
       0
       3
       1
       1
       0
       0
       3
       1
       1
       1
       1
       1
       3
       0
       1
       2
       1
       2
       0
       0
       2
       2
       3
       0
       1
       2
       2
       1
       1
       0
       0
       3
       2
       1
       1
       1
       0
       0
       1
       0
       1
       1
       2
       1
       2
       1
       0
       2
       0
       2
       2
       3
       2
       3
       0
       1
       0
       1
       0
       2
       0
       1
       0
       0
       0
       0
       0
       0
       1
       0
       1
       0
       1
       1
       1
       1
       1
       1
       0
       0
       0
       1
       0
       0
       0
       1
       0
       3
       1
       1
       0
       0
       0
       1
       0
       1
       0
       2
       1
       2
       1
       0
       0
       0
       2
       1
       0
       0
       2
       4
       0
       0
       0
       2
       0
       1
       0
       0
       0
       0
       0
       0
       0
       0
       0
       1
       1
       0
       0
       2
       0
       1
       1
       0
       0
       0
       0
       2
       0
       1
       0
       0
       1
       0
       1
       1
       0
       0
       0
       0
       0
       0
       1
       1
       0
       0
       1
       1
       1
       0
       0
       0
       0
       0
       0
       0
       0
       1
       0
       1
       1
       0
       1
       0
       0
       1
       0
       1
       0
       0
       0
       0
       0
       0
       1
       0
       1
       1
       0
       0
       0
       0
       2
       0
       0
       0
       0
       0
       0
       0
       1
       0
       0
       1
       1
       1
       0
       1
       0
       0
       0
       1
       0
       0
       0
       0
       1
       0
       0
       1
       0
       1
       1
       0
       0
       1
       0
       0
       0
       0
       2
       0
       0
       1
       0
       0
       0
       0
       0
       0
       0
       0
       0
       1
       0
       0
       1
       1
       0
       0
       0
       1
       1
       0
       1
       1
       0
       0
       1
       0
       0
       0
       0
       0
       0
       0
       0
       0
       0
       1
       0
       0
       0
       0
       0
       0
       0
       0
       0
       0
       0
       0
       1
       0
       0
       0
       0
       0
       1
       1
       0
       0
       0
       0
       0
       0
       0
       0
       0
       0
       0
       0
       0
       0
       0
       0
       0
       0
       1
       0
       0
       0
       0
       0
       1
       0
       1
       0
       0
       0
       0
       1
       0
       0
       0
       0
       0
       1
       0
       0
       1
       0
       0
       0
       0
       0
       0
       0
       0
       0
       0
       0
       1
       0
       0
       0
       0
       0
       0
       0
       0
       0
       0
       0
       0
       0
       0
       0
       0
       0
       0
       0
       0
       0
       0
       0
       0
       0
       0
       0
       0
       0
       1
       0
       1
       0
       1
       0
       0
       0
       0
       0
       0
       0
       0
       0
       0
       0
       0
       0
       0
       0
       0
       0
       0
       1
       0
       0
       0
       0
       0
       0
       0
       0
       0
       0
       0
       0
       0
       0
       0
       0
       0
       0
       0
       0
       0
       0
       1
       0
       1
       0
       0
       0
       0
       0
       0
       1
       0
       0
       1
       0
       0
       0
       1
       0
       0
       0
       0
       1
       0
       1
       0
       0
       0
       0
       0
       1
       0
       0
       0
       0
       0
       0
       0
       0
       0
       0
       0
       0
       0
       1
       0
       0
       0
       0
       0
       0
       0
       0
       0
       0
       0
       0
       0
       0
       0
       0
       1
       0
       0
       0
       0
       0
       0
       0
       0
       0
       1
       0
       1
       1
       0
       0
       0
       0
       0
       0
       0
       0
       0
       0
       0
       0
       0
       0
       0
       1
       0
       0
       0
       0
       0
       0
       0
       0
       0
       0
       0
       0
       0
       0
       0
       0
       0
       0
       0
       0
       0
       0
       0
       0
       0
       0
       0
       0
       0
       0
       0
       1
       0
       0
       0
       0
       0
       0
       1
       0
       0
       0
       0
       0
       0
       0
       0
       0
       0
       0
       0
       1
       0
       0
       0
       0
       0
       0
       0
       0
       0
       0
       0
       0
       0
       0
       0
       0
       0
       0
       0
       0
       0
       0
       0
       0
       0
       0
       0
       0
       0
       0
       0
       0
       0
       0
       0
       0
       0
       0
       1
       0
       0
       0
       0
       0
       0
       0
       0
       0
       0
       0
       0
       0
       0
       0
       0
       0
       0
       0
       0
       0
       0
       0
       0
       0
       0
       0
       0
       0
       0
       0
       0
       0
       0
       0
       0
       0
       0
       0
       0
       0
       0
       0
       0
       0
       0
       0
       0
       0
       0
       0
       0
       0
       0
       0
       0
       0
       0
       0
       0
       0
       0
       0
       0
       0
       0
       0
       0
       0
       0
       0
       0
       0
       0
       0
       0
       0
       0
       0
       0
       0
       0
       0
       0
       0
       0
       0
       0
       0
       0
       0
       0
       0
       0
       0
       0
       0
       0
       0
       0
       0
       0
       0
       0
       0
       0
       0
       0
       0
       0
       0
       0
       0
       0
       0
       0
       0
       0
       0
       0
       0
       0
       0
       0
       0
       0
       0
       0
       1
       0
       0
       0
       0
       0
       0
       0
       0
       0
       0
       0
       0
       0
       0
       0
       0
       0
       0
       0
       0
       0
       0
       0
       0
       0
       0
       0
       0
       0
       0
       0
       0
       0
       0
       0
       0
       0
       0
       0
       0
       0
       0
       0
       0
       0
       0
       0
       0
       0
       0
       0
       0
       0
       0
       0
       0
       0
       0
       0
       0
       0
       0
       0
       0
       0
       0
       0
       0
       0
       0
       0
       0
       0
       0
       0
       0
       0
       0
       0
       0
       0
       0
       0
       0
       0
       0
       0
       0
       0
       0
       0
       0
       0
       0
       0
       0
       0
       0
       0
       0
       0
       0
       0
       0
       0
       0
       0
       0
       0
       0
       0
       0
       0
       0
       0
       0
       0
       0
       0
       0
       0
       0
       0
       0
       0
       0
       0
       0
       0
       0
       0
       0
       0
       0
       0
       0
       0
       0
       0
       0
       0
       0
       0
       0
       0
       0
       0
       0
       0
       0
       0
       0
       0
       0
       0
       0
       0
       0
       0
       0
       0
       0
       0
       0
       0
       0
       0
       0
       0
       0
       0
       0
       0
       0
       0
       0
       0
       0
       0
       0
       0
       0
       0
       0
       0
       0
       0
       0
       0
       0
       0
       0
       0
$ROI:
1
26 63
$PRESETS:
None
0
0
$ENER_FIT:
-40.692581 0.770317
$MCA_CAL:
3
-4.069258E+001 7.703171E-001 0.000000E+000 keV
$SHAPE_CAL:
3
4.268909E+001 2.500139E-002 0.000000E+000
