$SPEC_ID:
No sample description was entered.
$SPEC_REM:
DET# 1
DETDESC# Easy-MCA 2k Ser:11231610
AP# Maestro Version 7.01
$DATE_MEA:
04/26/2024 11:00:03
$MEAS_TIM:
157 158
$DATA:
0 2047
       0
       0
       0
       0
       0
       0
       0
       0
       0
       0
       0
       0
       0
       0
       0
       0
       0
       0
       0
       0
       0
       0
       0
       0
       0
       0
       0
       0
       0
       0
       0
       0
       0
       0
       0
       0
       0
       0
       0
       0
       0
       0
       0
       0
       0
       0
       0
       0
       0
       0
       0
       0
       0
       0
       0
       0
       0
       0
       0
       0
       0
       0
       0
       0
       0
       0
       0
       0
       0
       0
       0
       0
       0
       0
       0
       0
       0
       0
       0
       0
       0
       0
       0
       0
       0
       0
       0
       0
       0
       0
       0
       0
       0
       0
       0
       0
       0
       0
       0
       8
      66
      99
      75
      86
      66
      93
      72
      80
      79
      80
     102
      74
      64
      92
     103
      88
      92
      90
      92
     102
     116
     115
     141
     129
     131
     134
     167
     151
     140
     160
     168
     195
     181
     167
     144
     146
     153
     153
     148
     158
     193
     139
     152
     169
     140
     172
     152
     156
     145
     175
     154
     163
     154
     159
     153
     164
     134
     133
     163
     174
     173
     148
     156
     151
     167
     161
     147
     140
     173
     161
     143
     142
     154
     175
     174
     146
     139
     131
     153
     117
     145
     136
     133
     135
     155
     144
     143
     135
     118
     154
     131
     140
     137
     123
     152
     152
     151
     154
     171
     147
     129
     139
     161
     148
     128
     134
     125
     128
     132
     124
     128
     163
     136
     125
     146
     138
     124
     139
     143
     121
     129
     101
     126
     124
     137
     138
     136
     123
     137
     124
     126
     122
     124
     136
     117
     129
     121
     112
     124
     119
     125
     118
     110
     112
     118
     111
     127
     111
     129
     114
     109
     122
     104
     121
     117
     132
     122
     101
     111
     113
     141
     105
     113
      96
     122
      86
     114
     117
     104
     119
     106
      98
     119
     132
     104
     100
     108
     112
     113
     109
     113
      99
     104
     100
     106
     113
     100
     116
     100
      92
     107
     106
     110
      91
     127
     116
     115
      87
     107
      83
     104
      86
      84
      87
     100
     110
      99
      94
      95
      96
      98
      96
      91
     107
      98
     100
      95
     103
      79
     104
      93
      82
      92
     108
     103
     103
      89
      95
      90
     100
      73
     101
      93
      89
      85
      84
      98
      87
      71
     123
     100
      96
      98
      79
      94
      84
      91
      85
      94
      96
      87
      96
      80
      86
     106
      77
     100
      90
      75
      82
     101
      91
      88
      79
      92
      89
      80
      93
      85
      88
      86
      90
      93
      78
      88
      83
      94
      87
      88
      92
      95
      87
      82
      86
     100
      69
      68
      88
      82
      79
      88
      89
      78
      72
      76
     104
      87
      97
      68
      75
      80
      64
      71
      73
      81
      74
      82
      78
      71
      65
      82
      64
      63
      67
      65
      74
      69
      65
      64
      67
      63
      63
      81
      69
      69
      68
      55
      67
      70
      65
      57
      62
      56
      61
      57
      65
      69
      57
      63
      65
      57
      62
      57
      61
      66
      67
      47
      56
      50
      63
      56
      59
      66
      56
      64
      54
      57
      58
      51
      43
      71
      59
      71
      66
      72
      56
      52
      67
      55
      58
      56
      71
      70
      54
      66
      63
      67
      61
      66
      66
      69
      68
      66
      65
      71
      80
      84
      81
      83
     119
     122
     109
     138
     152
     162
     158
     158
     164
     130
     128
     103
      95
      88
      48
      47
      32
      34
      31
      31
      23
      21
      24
      23
      30
      24
      18
      24
      21
      13
      23
      22
      19
      20
      20
      18
      33
      23
      19
      21
      35
      19
      23
      22
      19
      36
      18
      21
      21
      27
      21
      22
      21
      38
      13
      25
      29
      20
      18
      22
      19
      24
      23
      24
      20
      20
      21
      29
      20
      22
      24
      23
      27
      14
      23
      18
      18
      24
      27
      31
      19
      23
      28
      21
      24
      28
      34
      19
      30
      25
      22
      21
      17
      29
      21
      30
      22
      26
      22
      23
      23
      27
      17
      25
      24
      27
      25
      22
      26
      16
      21
      14
      25
      19
      18
      25
      18
      16
      27
      22
      24
      23
      26
      21
      29
      28
      21
      18
      31
      33
      24
      21
      26
      28
      23
      17
      21
      22
      26
      25
      24
      23
      20
      27
      26
      20
      27
      30
      19
      20
      22
      26
      33
      22
      21
      23
      22
      23
      26
      21
      27
      13
      21
      21
      28
      23
      20
      24
      21
      17
      19
      23
      33
      25
      23
      22
      25
      18
      24
      13
      21
      13
      29
      21
      20
      13
      24
      19
      26
      14
      23
      26
      17
      23
      31
      20
      14
      19
      27
      27
      20
      27
      33
      22
      26
      26
      11
      27
      31
      27
      24
      25
      26
      26
      18
      31
      16
      22
      24
      19
      18
      20
      28
      26
      17
      18
      24
      19
      25
      22
      16
      28
      25
      25
      18
      20
      26
      30
      21
      20
      16
      30
      25
      23
      34
      25
      29
      34
      24
      21
      22
      20
      29
      23
      26
      21
      20
      27
      21
      19
      29
      19
      25
      27
      23
      17
      25
      22
      18
      20
      31
      22
      21
      28
      32
      29
      18
      28
      21
      23
      19
      25
      19
      22
      22
      25
      23
      25
      24
      21
      33
      32
      24
      23
      29
      27
      29
      23
      22
      22
      21
      22
      23
      19
      22
      20
      18
      25
      22
      23
      15
      20
      22
      20
      29
      33
      24
      22
      20
      16
      30
      22
      20
      25
      23
      29
      32
      24
      33
      20
      18
      25
      28
      19
      16
      26
      20
      19
      16
      28
      23
      20
      16
      19
      17
      21
      19
      19
      19
      18
      13
      17
      27
      21
      24
      16
      20
      23
      27
      26
      19
      17
      21
      22
      23
      16
      19
      23
      26
      17
      16
      29
      18
      24
      13
      19
      16
      22
      25
      16
      20
      26
      21
      21
      10
      16
      13
      17
      14
      20
      23
      18
      20
      22
      19
      15
      22
      11
      18
      20
      11
      24
      15
      12
      15
      10
      14
      10
      15
      16
      16
      10
      14
       9
      14
      14
      11
       8
      11
      20
      11
      13
       6
       7
      14
      10
       3
       7
       4
       8
       4
       2
       6
       6
       5
       7
       6
       9
       4
       8
       6
       4
       4
       1
       2
       0
       1
       6
       2
       0
       1
       3
       2
       3
       2
       2
       2
       0
       1
       1
       3
       3
       0
       1
       1
       4
       2
       1
       2
       2
       1
       1
       1
       3
       2
       3
       2
       2
       2
       1
       1
       2
       1
       2
       3
       3
       5
       2
       2
       3
       2
       2
       4
       0
       0
       3
       3
       1
       0
       0
       0
       4
       0
       2
       1
       3
       0
       2
       1
       2
       1
       0
       1
       2
       1
       1
       2
       2
       1
       0
       2
       2
       2
       1
       2
       0
       0
       5
       2
       2
       0
       2
       2
       2
       0
       1
       2
       0
       2
       0
       2
       3
       0
       0
       1
       3
       2
       2
       0
       1
       0
       0
       1
       1
       1
       2
       2
       3
       3
       0
       1
       1
       2
       3
       2
       0
       0
       0
       2
       1
       1
       1
       0
       0
       2
       0
       1
       1
       3
       2
       1
       1
       0
       0
       0
       2
       3
       4
       0
       1
       1
       2
       1
       1
       1
       1
       0
       3
       1
       1
       0
       0
       2
       2
       0
       1
       0
       0
       0
       0
       1
       0
       1
       1
       0
       0
       0
       2
       2
       2
       0
       0
       1
       0
       1
       0
       0
       0
       0
       1
       0
       1
       1
       0
       0
       0
       0
       0
       1
       0
       0
       0
       0
       1
       0
       0
       0
       0
       0
       0
       0
       1
       0
       0
       0
       0
       0
       0
       0
       0
       0
       0
       0
       0
       0
       0
       0
       0
       0
       0
       0
       0
       0
       0
       0
       0
       0
       0
       0
       0
       0
       0
       0
       0
       0
       0
       0
       0
       0
       0
       0
       0
       0
       0
       0
       0
       0
       0
       0
       0
       0
       1
       0
       0
       0
       0
       0
       0
       0
       0
       0
       0
       0
       0
       0
       0
       0
       0
       0
       0
       0
       0
       0
       0
       0
       0
       0
       0
       0
       0
       0
       0
       0
       0
       0
       0
       0
       0
       1
       0
       0
       0
       0
       0
       0
       0
       0
       0
       0
       0
       0
       0
       0
       0
       0
       0
       0
       0
       0
       0
       0
       0
       0
       0
       0
       0
       0
       0
       0
       0
       0
       0
       0
       0
       0
       0
       0
       0
       0
       0
       0
       0
       0
       0
       0
       0
       0
       0
       0
       0
       0
       0
       0
       0
       0
       0
       0
       0
       0
       0
       0
       0
       0
       0
       0
       0
       0
       0
       0
       0
       0
       0
       0
       0
       0
       0
       0
       0
       0
       0
       0
       0
       0
       0
       0
       0
       0
       0
       0
       0
       0
       0
       0
       0
       0
       0
       0
       0
       0
       0
       0
       0
       0
       1
       0
       0
       0
       0
       0
       0
       0
       0
       0
       0
       0
       0
       0
       0
       0
       0
       0
       0
       0
       0
       0
       0
       0
       0
       0
       0
       0
       0
       0
       0
       0
       0
       0
       0
       0
       0
       0
       0
       0
       0
       0
       0
       0
       0
       0
       0
       0
       0
       0
       0
       0
       0
       0
       0
       0
       0
       0
       0
       0
       0
       0
       0
       0
       0
       0
       0
       0
       0
       0
       0
       0
       0
       0
       0
       0
       0
       0
       0
       0
       0
       0
       0
       0
       0
       0
       0
       0
       0
       0
       0
       0
       0
       0
       0
       0
       0
       0
       0
       0
       0
       0
       0
       0
       0
       0
       0
       0
       0
       0
       0
       0
       0
       0
       0
       0
       0
       0
       0
       0
       0
       0
       0
       0
       0
       0
       0
       0
       0
       0
       0
       0
       0
       0
       0
       0
       0
       0
       0
       0
       0
       0
       0
       0
       0
       0
       0
       0
       0
       0
       0
       0
       0
       0
       0
       0
       0
       0
       0
       0
       0
       0
       0
       0
       0
       0
       0
       0
       0
       0
       0
       0
       0
       0
       0
       0
       0
       0
       0
       0
       0
       0
       0
       0
       0
       0
       0
       0
       0
       0
       0
       0
       0
       0
       0
       0
       0
       0
       0
       0
       0
       0
       0
       0
       0
       0
       0
       0
       0
       0
       0
       0
       0
       0
       0
       0
       0
       0
       0
       0
       0
       0
       0
       0
       0
       0
       0
       0
       0
       0
       0
       0
       0
       0
       0
       0
       0
       0
       0
       0
       0
       0
       0
       0
       0
       0
       0
       0
       0
       0
       0
       0
       0
       0
       0
       0
       0
       0
       0
       0
       0
       0
       0
       0
       0
       0
       0
       0
       0
       0
       0
       0
       0
       0
       0
       0
       0
       0
       0
       0
       0
       0
       0
       0
       0
       0
       0
       0
       0
       0
       0
       0
       0
       0
       0
       0
       0
       0
       0
       0
       0
       0
       0
       0
       0
       0
       0
       0
       0
       0
       0
       0
       0
       0
       0
       0
       0
       0
       0
       0
       0
       0
       0
       0
       0
       0
       0
       0
       0
       0
       0
       0
       0
       0
       0
       0
       0
       0
       0
       0
       0
       0
       0
       0
       0
       0
       0
       0
       0
       0
       0
       0
       0
       0
       0
       0
       0
       0
       0
       0
       0
       0
       0
       0
       0
       0
       0
       0
       0
       0
       0
       0
       0
       0
       0
       0
       0
       0
       0
       0
       0
       0
       0
       0
       0
       0
       0
       0
       0
       0
       0
       0
       0
       0
       0
       0
       0
       0
       0
       0
       0
       0
       0
       0
       0
       0
       0
       0
       0
       0
       0
       0
       0
       0
       0
       0
       0
       0
       0
       0
       0
       0
       0
       0
       0
       0
       0
       0
       0
       0
       0
       0
       0
       0
       0
       0
       0
       0
       0
       0
       0
       0
       0
       0
       0
       0
       0
       0
       0
       0
       0
       0
       0
       0
       0
       0
       0
       0
       0
       0
       0
       0
       0
       0
       0
       0
       0
       0
       0
       0
       0
       0
       0
       0
       0
       0
       0
       0
       0
       0
       0
       0
       0
       0
       0
       0
       0
       0
       0
       0
       0
       0
       0
       0
       0
       0
       0
       0
       0
       0
       0
       0
       0
       0
       0
       0
       0
       0
       0
       0
       0
       0
       0
       0
       0
       0
       0
       0
       0
       0
       0
       0
       0
       0
       0
       0
       0
       0
       0
       0
       0
       0
       0
       0
       0
       0
       0
       0
       0
       0
       0
       0
       0
       0
       0
       0
       0
       0
       0
       0
       0
       0
       0
       0
       0
       0
       0
       0
       0
       0
       0
       0
       0
       0
       0
       0
       0
       0
       0
       0
       0
       0
       0
       0
       0
       0
       0
       0
       0
       0
       0
       0
       0
       0
       0
       0
       0
       0
       0
       0
       0
       0
       0
       0
       0
       0
       0
       0
       0
       0
       0
       0
       0
       0
       0
       0
       0
       0
       0
       0
       0
       0
       0
       0
       0
       0
       0
       0
       0
       0
       0
       0
       0
       0
       0
       0
       0
       0
       0
       0
       0
       0
       0
       0
       0
       0
       0
       0
       0
       0
       0
       0
       0
       0
       0
       0
       0
       0
       0
       0
       0
       0
       0
       0
       0
       0
       0
       0
       0
       0
       0
       0
       0
       0
       0
       0
       0
       0
       0
       0
       0
       0
       0
       0
       0
       0
       0
       0
       0
       0
       0
       0
       0
       0
       0
       0
       0
       0
       0
       0
       0
       0
       0
       0
       0
       0
       0
       0
       0
       0
       0
       0
       0
       0
       0
       0
       0
       0
       0
       0
       0
       0
       0
       0
       0
       0
$ROI:
1
26 63
$PRESETS:
None
0
0
$ENER_FIT:
-40.692581 0.770317
$MCA_CAL:
3
-4.069258E+001 7.703171E-001 0.000000E+000 keV
$SHAPE_CAL:
3
4.268909E+001 2.500139E-002 0.000000E+000
