$SPEC_ID:
No sample description was entered.
$SPEC_REM:
DET# 1
DETDESC# DESKTOP-0NFQHD6 Easy-MCA-2k SN 16145346
AP# Maestro Version 7.01
$DATE_MEA:
04/26/2024 08:51:51
$MEAS_TIM:
946 952
$DATA:
0 2047
       0
       0
       0
       0
       0
       0
       0
       0
       0
       0
       0
       0
       0
       0
       0
       0
       0
       0
       0
       0
       0
       0
       0
       0
       0
       0
       0
       0
       0
       0
       0
       0
       0
       0
       0
       0
       0
       0
       0
       0
       0
       0
       0
       0
       0
       0
       0
       0
       0
       0
       0
       0
       0
       0
       0
       0
       0
       0
       0
       0
       0
       0
       0
       0
       0
       0
       0
       0
       0
       0
       0
       0
       0
       0
     112
     396
     412
     419
     436
     413
     416
     406
     394
     407
     387
     433
     378
     392
     441
     400
     427
     407
     409
     426
     400
     428
     392
     427
     442
     394
     389
     401
     394
     422
     395
     403
     393
     433
     376
     409
     426
     438
     430
     476
     428
     462
     405
     411
     451
     433
     411
     487
     501
     468
     456
     454
     510
     545
     575
     605
     705
     686
     778
     809
     832
     836
     910
     910
     808
     887
     811
     845
     865
     839
     846
     867
     894
     842
     840
     857
     847
     850
     851
     850
     850
     860
     838
     850
     779
     836
     862
     849
     810
     791
     785
     818
     811
     777
     835
     798
     817
     794
     829
     816
     829
     820
     797
     763
     828
     827
     801
     785
     788
     787
     821
     797
     799
     785
     789
     810
     746
     748
     781
     786
     734
     740
     749
     791
     800
     705
     773
     778
     712
     717
     719
     741
     780
     747
     761
     761
     745
     734
     743
     718
     681
     700
     751
     737
     727
     730
     691
     743
     716
     676
     709
     690
     679
     704
     680
     685
     692
     652
     710
     693
     691
     655
     734
     667
     672
     635
     628
     667
     683
     661
     649
     642
     647
     672
     661
     681
     665
     711
     692
     634
     604
     676
     656
     632
     627
     616
     647
     648
     594
     638
     651
     583
     653
     677
     617
     611
     632
     669
     587
     667
     628
     640
     614
     614
     558
     576
     607
     606
     615
     589
     543
     595
     586
     587
     606
     596
     562
     614
     629
     555
     603
     554
     598
     547
     606
     614
     564
     548
     556
     551
     557
     520
     542
     571
     590
     537
     562
     548
     551
     537
     528
     544
     568
     567
     512
     531
     520
     547
     557
     510
     525
     519
     538
     493
     526
     503
     521
     489
     523
     509
     486
     487
     488
     498
     493
     529
     502
     506
     518
     467
     460
     501
     519
     489
     497
     479
     454
     478
     479
     479
     461
     480
     480
     469
     497
     484
     486
     434
     481
     453
     455
     494
     472
     461
     504
     437
     453
     482
     472
     435
     435
     449
     486
     437
     410
     457
     451
     461
     461
     423
     450
     443
     441
     418
     461
     416
     400
     461
     464
     399
     474
     475
     491
     472
     491
     470
     468
     446
     475
     466
     477
     469
     477
     480
     473
     484
     491
     501
     475
     457
     446
     435
     456
     417
     463
     394
     407
     427
     396
     437
     428
     418
     430
     384
     430
     408
     433
     420
     402
     398
     381
     428
     403
     367
     415
     391
     365
     371
     346
     347
     360
     354
     353
     365
     336
     358
     365
     359
     342
     386
     334
     343
     363
     336
     330
     324
     330
     316
     334
     335
     320
     358
     335
     279
     317
     321
     358
     347
     319
     328
     332
     327
     293
     342
     303
     269
     321
     311
     325
     318
     305
     309
     282
     296
     318
     277
     326
     310
     326
     285
     312
     276
     296
     269
     329
     342
     324
     303
     302
     328
     308
     333
     319
     330
     309
     297
     315
     302
     331
     326
     354
     359
     379
     371
     380
     410
     416
     383
     457
     475
     482
     503
     553
     624
     703
     723
     794
     813
     869
     796
     747
     642
     525
     466
     346
     280
     240
     211
     188
     139
     139
     132
     140
     127
     142
     100
     124
     134
     115
     135
     115
     122
     117
     136
     107
     106
     116
     129
     111
     106
     110
     107
     114
     112
     104
     111
     131
     133
     130
     120
     126
     119
     136
     119
     107
     131
     119
     128
     130
     138
     125
     118
     133
     109
     126
     146
     110
     120
     114
     126
     116
     117
     104
     111
     135
     118
     117
     124
     132
     117
     109
     120
     116
     112
     132
     108
     109
     103
     117
     140
     128
      98
     121
     124
     150
     132
     124
     103
     119
     112
     120
     121
     105
     109
     126
     136
     122
     140
     118
     104
     101
     134
     125
     135
     138
     131
     124
     127
     125
     136
     119
     127
     146
     139
     123
     105
     116
     122
     104
     122
     136
     118
     108
     118
     135
     119
     124
     117
     118
     137
     126
     118
     144
     117
     139
     143
     134
     127
     144
     122
     125
     128
     126
     150
     104
     140
     123
     137
     126
     145
     129
     122
     103
     114
     135
     121
     148
     130
     124
     119
     114
     105
     133
     139
     120
     134
     121
     103
     123
     101
     111
     119
     131
     122
      98
     129
     131
     120
     121
     132
     122
     128
     127
     152
     125
     129
     130
     132
     129
     125
     140
     123
     117
     123
     124
     130
     128
     127
     125
     115
     125
     134
     113
     119
     125
     134
     118
     106
     124
     128
     140
     118
     107
     110
     130
     129
     138
     125
     120
     121
     124
     136
     129
     155
     145
     142
     114
     115
     144
     159
     110
     163
     131
     119
     136
     117
     123
     120
     138
     131
     147
     127
      96
     136
     129
     112
     127
     115
     130
     125
     139
     119
     121
     128
     111
     129
     118
     122
     117
     120
     127
     136
     129
     141
     129
      99
     125
     126
     141
     118
     145
     118
     125
     136
     103
     134
     125
     115
     123
     128
     129
     115
     100
     114
     126
     110
     129
     134
     129
     120
     103
     117
     117
     115
     142
     122
     117
     125
     120
     126
     143
     124
     105
     114
     112
     110
     103
     128
     124
     123
     113
     105
     127
     123
     110
     122
     116
     119
     114
     112
      94
     117
     131
     123
     107
     124
     118
     113
     125
     116
     117
     122
     120
     102
     111
     112
     125
     110
     113
     115
     123
     121
     104
     102
     111
     140
     110
     103
     118
     126
     125
      83
     114
     121
     114
     105
      97
     118
      86
     103
     108
      99
     116
     108
     111
     114
     104
     119
     115
     114
     107
     111
     116
     107
      86
     104
      98
     112
     129
     116
      95
     104
     100
     117
     122
     112
      88
     111
     100
      75
      95
     101
      97
      94
      78
      84
      90
     109
      76
      99
      93
      95
     104
      90
     111
      92
      86
     101
      94
      78
      83
      86
      78
      62
      84
      82
      90
      80
      73
      85
      72
      82
      67
      80
      88
      65
      63
      84
      70
      64
      78
      70
      70
      72
      63
      61
      73
      68
      52
      65
      44
      59
      50
      41
      51
      56
      45
      36
      40
      51
      39
      30
      34
      29
      54
      23
      26
      24
      27
      20
      18
      18
      15
      16
      15
      11
      12
       6
       4
       8
      12
       8
      10
       9
       6
       8
      10
       8
      11
       8
      11
       7
       5
       7
       8
       2
       4
      11
       5
       8
       6
       7
       8
       7
      10
      11
       6
       8
      11
      11
      11
      12
       7
       8
       7
       7
       4
      14
       7
       3
       8
       7
       9
       7
       9
      11
      12
       7
      11
      13
      13
       6
       7
      11
       7
      10
       8
       9
       8
       9
       9
       9
       9
       5
       8
      12
      10
       7
       8
       7
       8
       9
       7
       5
       5
      12
       5
       3
      10
       7
       8
       8
       6
       7
      10
       7
       8
       3
       9
       8
       8
      11
       6
       6
      12
       9
       1
       4
       7
      12
       2
       6
      11
       6
       7
       4
       3
       9
       6
       9
       6
       6
       7
       7
       6
      10
       9
       5
       3
       6
      13
       6
      10
      16
       6
       4
       2
       2
       3
       6
       4
       7
       9
       4
       9
       9
       9
       5
       4
       9
       4
       7
       5
       5
       6
       8
       8
       3
       3
       5
       3
       4
       4
       5
       4
       7
       6
       4
       2
      11
       7
       6
       5
       3
       6
       6
       4
       6
       7
       9
       5
       8
       4
       3
       1
       4
       2
       3
       1
       1
       1
       4
       8
       2
       1
       5
       1
       2
       1
       1
       2
       2
       3
       1
       0
       2
       1
       1
       2
       2
       1
       1
       0
       2
       1
       0
       0
       0
       1
       1
       0
       2
       0
       0
       0
       0
       1
       0
       0
       0
       0
       0
       0
       0
       0
       0
       0
       0
       0
       0
       0
       0
       0
       1
       0
       0
       1
       1
       0
       0
       0
       1
       0
       0
       0
       0
       1
       0
       0
       0
       0
       0
       0
       0
       1
       0
       0
       0
       0
       0
       0
       0
       0
       1
       0
       1
       0
       0
       1
       0
       0
       0
       0
       0
       0
       0
       1
       0
       0
       0
       0
       1
       0
       0
       0
       0
       0
       0
       0
       0
       0
       0
       0
       0
       0
       0
       0
       0
       0
       0
       0
       0
       0
       0
       0
       0
       0
       0
       0
       0
       0
       0
       0
       0
       0
       0
       0
       0
       0
       1
       0
       0
       0
       0
       0
       0
       0
       0
       0
       0
       0
       0
       0
       0
       0
       0
       0
       0
       0
       0
       0
       0
       0
       0
       0
       0
       0
       0
       0
       0
       1
       0
       0
       0
       0
       0
       1
       0
       0
       0
       0
       0
       0
       0
       0
       0
       0
       0
       0
       0
       0
       0
       0
       0
       0
       0
       1
       0
       0
       0
       0
       0
       0
       0
       0
       1
       0
       0
       0
       0
       0
       0
       0
       0
       0
       0
       0
       0
       0
       0
       0
       1
       0
       0
       0
       1
       0
       1
       0
       0
       0
       0
       0
       0
       1
       1
       0
       0
       0
       0
       0
       0
       0
       0
       0
       0
       0
       0
       0
       0
       0
       0
       0
       0
       0
       0
       0
       0
       0
       0
       0
       0
       0
       0
       0
       0
       0
       0
       0
       0
       0
       0
       0
       0
       0
       0
       0
       0
       0
       0
       0
       0
       0
       0
       0
       1
       0
       0
       0
       0
       0
       0
       0
       0
       0
       1
       0
       0
       0
       1
       0
       0
       0
       0
       1
       0
       0
       0
       0
       1
       0
       0
       0
       0
       0
       0
       0
       0
       1
       0
       0
       0
       0
       0
       0
       0
       0
       0
       0
       0
       0
       0
       0
       0
       0
       0
       0
       0
       0
       0
       0
       0
       0
       0
       0
       0
       0
       0
       0
       1
       0
       0
       0
       0
       0
       0
       0
       0
       0
       0
       0
       0
       0
       0
       0
       0
       0
       0
       0
       0
       0
       0
       0
       0
       0
       0
       0
       0
       0
       0
       0
       0
       0
       0
       0
       0
       0
       0
       0
       0
       0
       0
       0
       0
       0
       0
       0
       0
       0
       0
       0
       0
       0
       0
       0
       0
       1
       0
       0
       0
       0
       0
       0
       0
       0
       0
       1
       0
       0
       0
       0
       0
       1
       0
       0
       0
       0
       0
       0
       0
       0
       0
       0
       0
       0
       0
       0
       0
       0
       0
       0
       0
       0
       0
       0
       0
       0
       0
       0
       0
       0
       0
       0
       1
       0
       0
       0
       0
       0
       0
       0
       0
       0
       0
       0
       0
       0
       0
       0
       0
       0
       0
       0
       0
       0
       0
       0
       0
       0
       0
       0
       0
       0
       0
       0
       0
       0
       0
       0
       0
       0
       0
       0
       0
       0
       0
       0
       0
       0
       0
       0
       0
       0
       0
       0
       0
       0
       0
       0
       0
       0
       0
       0
       0
       0
       0
       0
       0
       0
       0
       0
       0
       0
       0
       0
       0
       0
       0
       0
       0
       0
       0
       0
       0
       0
       0
       0
       0
       0
       0
       0
       0
       0
       0
       0
       0
       0
       0
       0
       0
       0
       0
       0
       0
       0
       0
       0
       0
       0
       0
       0
       0
       0
       0
       0
       0
       0
       0
       0
       0
       0
       0
       0
       0
       0
       0
       0
       0
       0
       0
       0
       0
       0
       0
       0
       0
       0
       0
       0
       0
       0
       0
       0
       0
       0
       0
       0
       0
       0
       0
       0
       0
       0
       0
       0
       0
       0
       0
       0
       0
       0
       0
       0
       0
       0
       0
       0
       0
       0
       0
       0
       0
       0
       0
       0
       0
       0
       0
       0
       0
       0
       0
       0
       0
       0
       0
       0
       0
       0
       0
       0
       0
       0
       0
       0
       0
       0
       0
       0
       0
       0
       0
       0
       0
       0
       0
       0
       0
       0
       0
       0
       0
       0
       0
       0
       0
       0
       0
       0
       0
       0
       0
       0
       0
       0
       0
       0
       0
       0
       0
       0
       0
       0
       0
       0
       0
       0
       0
       0
       0
       0
       0
       0
       0
       0
       0
       0
       0
       0
       0
       0
       0
       0
       0
       0
       0
       0
       0
       0
       0
       0
       0
       0
       0
       0
       0
       0
       0
       0
       0
       0
       0
       0
       0
       0
       0
       0
       0
       0
       0
       0
       0
       0
       0
       0
       0
       0
       0
       0
       0
       0
       0
       0
       0
       0
       0
       0
       0
       0
       0
       0
       0
       0
       0
       0
       0
       0
       0
       0
       0
       0
       0
       0
       0
       0
       0
       0
       0
       0
       0
       0
       0
       0
       0
       0
       0
       0
       0
       0
       0
       0
       0
       0
       0
       0
       0
       0
       0
       0
       0
       0
       0
       0
       0
       0
       0
       0
       0
       0
       0
       0
       0
       0
       0
       0
       0
       0
       0
       0
       0
       0
       0
       0
       0
       0
       0
       0
       0
       0
       0
       0
       0
       0
       0
       0
       0
       0
       0
       0
       0
       0
       0
       0
       0
       0
       0
       0
       0
       0
       0
       0
       0
       0
       0
       0
       0
       0
       0
       0
       0
       0
       0
       0
       0
       0
       0
       0
       0
       0
       0
       0
       0
       0
       0
$ROI:
1
519 551
$PRESETS:
None
0
0
$ENER_FIT:
0.000000 0.000000
$MCA_CAL:
3
0.000000E+000 0.000000E+000 0.000000E+000 
$SHAPE_CAL:
3
0.000000E+000 0.000000E+000 0.000000E+000
