$SPEC_ID:
No sample description was entered.
$SPEC_REM:
DET# 1
DETDESC# DESKTOP-0NFQHD6 Easy-MCA-2k SN 16145346
AP# Maestro Version 7.01
$DATE_MEA:
04/26/2024 08:51:51
$MEAS_TIM:
4548 4592
$DATA:
0 2047
       0
       0
       0
       0
       0
       0
       0
       0
       0
       0
       0
       0
       0
       0
       0
       0
       0
       0
       0
       0
       0
       0
       0
       0
       0
       0
       0
       0
       0
       0
       0
       0
       0
       0
       0
       0
       0
       0
       0
       0
       0
       0
       0
       0
       0
       0
       0
       0
       0
       0
       0
       0
       0
       0
       0
       0
       0
       0
       0
       0
       0
       0
       0
       0
       0
       0
       0
       0
       0
       0
       0
       0
       0
      16
     739
    2931
    2921
    2799
    2839
    2785
    2810
    2785
    2780
    2701
    2687
    2834
    2821
    2785
    2801
    2797
    2724
    2792
    2760
    2792
    2838
    2731
    2833
    2751
    2882
    2742
    2755
    2739
    2789
    2745
    2749
    2872
    2815
    2865
    2856
    2803
    2840
    2857
    2984
    3044
    2928
    2945
    2947
    3006
    2947
    3100
    3128
    3126
    3223
    3321
    3289
    3399
    3487
    3616
    3850
    4077
    4502
    4892
    5214
    5521
    5763
    5918
    5782
    5950
    5904
    5839
    5919
    5978
    5875
    5949
    5935
    5952
    5913
    5884
    6048
    5942
    5895
    5906
    5867
    5898
    5958
    5925
    5999
    5844
    5935
    5811
    5889
    5815
    5925
    5913
    5842
    5699
    5771
    5732
    5697
    5675
    5835
    5771
    5629
    5613
    5540
    5754
    5632
    5674
    5626
    5590
    5581
    5498
    5460
    5463
    5588
    5377
    5538
    5585
    5341
    5476
    5523
    5467
    5565
    5185
    5231
    5401
    5559
    5325
    5336
    5398
    5473
    5265
    5405
    5292
    5100
    5255
    5138
    5206
    5263
    5297
    4961
    5230
    5115
    5135
    5086
    5071
    5106
    5138
    5040
    5028
    4986
    4972
    4979
    4817
    5002
    4892
    4865
    4978
    4934
    4951
    4937
    4830
    4927
    4784
    4846
    4850
    4841
    4861
    4903
    4828
    4816
    4637
    4779
    4904
    4712
    4682
    4684
    4630
    4605
    4593
    4659
    4613
    4575
    4565
    4549
    4623
    4592
    4550
    4382
    4686
    4572
    4611
    4463
    4494
    4344
    4533
    4440
    4484
    4397
    4395
    4428
    4408
    4404
    4276
    4301
    4320
    4172
    4238
    4296
    4226
    4256
    4122
    4200
    4175
    4112
    4202
    4218
    4060
    4209
    4134
    4102
    4113
    4095
    4173
    4068
    4084
    3883
    4061
    4012
    4017
    3963
    3931
    3876
    3939
    3985
    3938
    3924
    3933
    3907
    3861
    3738
    3868
    3755
    3975
    3852
    3888
    3864
    3774
    3777
    3700
    3733
    3697
    3738
    3713
    3807
    3736
    3625
    3607
    3720
    3550
    3686
    3750
    3648
    3699
    3605
    3578
    3524
    3513
    3488
    3505
    3505
    3642
    3502
    3466
    3471
    3418
    3518
    3376
    3419
    3487
    3495
    3469
    3553
    3401
    3210
    3359
    3354
    3341
    3236
    3388
    3287
    3344
    3330
    3273
    3328
    3232
    3249
    3221
    3185
    3146
    3166
    3168
    3197
    3170
    3093
    3195
    3005
    3223
    3226
    3165
    3268
    3164
    3099
    3218
    3061
    3191
    3033
    3211
    3168
    3174
    3177
    3172
    3176
    3078
    3194
    3232
    3269
    3229
    3255
    3244
    3411
    3355
    3346
    3366
    3463
    3407
    3432
    3488
    3299
    3328
    3322
    3228
    3278
    3164
    3270
    3234
    3178
    3207
    3131
    3110
    3135
    3157
    3092
    2931
    2942
    2962
    2991
    2960
    2944
    2893
    2794
    2816
    2798
    2792
    2703
    2657
    2679
    2739
    2661
    2639
    2638
    2537
    2631
    2643
    2575
    2593
    2556
    2458
    2509
    2543
    2528
    2422
    2418
    2426
    2413
    2391
    2328
    2407
    2484
    2323
    2383
    2339
    2362
    2418
    2366
    2385
    2248
    2290
    2376
    2258
    2303
    2267
    2361
    2271
    2266
    2331
    2290
    2203
    2278
    2185
    2315
    2331
    2260
    2255
    2276
    2238
    2187
    2216
    2253
    2272
    2223
    2192
    2128
    2218
    2220
    2260
    2208
    2207
    2192
    2197
    2260
    2348
    2261
    2297
    2137
    2266
    2293
    2281
    2315
    2366
    2307
    2359
    2364
    2367
    2482
    2577
    2510
    2613
    2659
    2645
    2751
    2854
    2902
    2998
    3226
    3451
    3730
    3999
    4414
    4941
    5245
    5651
    5637
    5739
    5567
    5027
    4511
    3929
    3257
    2731
    2148
    1786
    1425
    1316
    1154
    1090
    1030
     931
     880
     906
     878
     858
     829
     826
     877
     814
     810
     857
     801
     799
     822
     847
     810
     902
     849
     798
     801
     828
     849
     834
     808
     839
     805
     830
     807
     865
     784
     865
     846
     840
     775
     824
     869
     855
     793
     842
     837
     812
     838
     860
     828
     910
     893
     859
     860
     826
     840
     851
     843
     856
     853
     873
     892
     880
     839
     821
     876
     801
     870
     865
     883
     861
     838
     838
     859
     858
     859
     887
     892
     839
     875
     874
     889
     873
     869
     871
     796
     879
     851
     866
     808
     847
     831
     856
     827
     896
     866
     856
     877
     897
     815
     867
     874
     829
     887
     844
     871
     815
     911
     847
     845
     888
     857
     844
     868
     889
     831
     848
     875
     837
     811
     840
     879
     883
     838
     874
     868
     908
     808
     896
     819
     808
     903
     897
     881
     842
     845
     906
     890
     828
     870
     933
     913
     874
     823
     916
     856
     889
     924
     855
     877
     863
     886
     851
     904
     893
     840
     888
     836
     864
     887
     851
     911
     921
     877
     861
     878
     945
     877
     895
     907
     883
     880
     897
     930
     870
     903
     875
     881
     896
     849
     893
     856
     927
     923
     912
     880
     852
     908
     879
     869
     862
     860
     897
     867
     936
     849
     882
     840
     847
     942
     882
     819
     834
     923
     902
     894
     847
     891
     896
     862
     891
     870
     856
     914
     914
     855
     904
     869
     831
     907
     854
     919
     858
     888
     881
     901
     866
     881
     871
     856
     885
     860
     890
     847
     908
     841
     910
     946
     846
     910
     901
     888
     855
     868
     892
     860
     849
     902
     851
     858
     813
     879
     904
     941
     864
     869
     837
     870
     859
     878
     845
     893
     831
     903
     825
     908
     885
     892
     882
     869
     844
     916
     824
     879
     874
     881
     844
     938
     879
     863
     937
     895
     845
     827
     846
     855
     862
     842
     872
     867
     827
     864
     871
     833
     842
     905
     824
     877
     907
     843
     852
     827
     856
     882
     939
     861
     883
     901
     836
     830
     860
     823
     834
     840
     852
     853
     805
     849
     843
     840
     872
     871
     780
     851
     871
     856
     857
     785
     784
     785
     852
     762
     788
     811
     799
     811
     849
     820
     822
     848
     854
     806
     833
     785
     788
     813
     808
     777
     796
     791
     804
     791
     742
     802
     806
     772
     829
     808
     805
     819
     835
     792
     822
     798
     775
     773
     758
     787
     808
     738
     754
     711
     750
     713
     762
     719
     792
     757
     683
     748
     715
     755
     699
     740
     769
     712
     738
     727
     674
     757
     689
     695
     724
     689
     667
     674
     661
     677
     648
     610
     675
     594
     683
     578
     599
     589
     570
     668
     564
     594
     599
     599
     621
     597
     553
     553
     539
     613
     573
     508
     556
     553
     523
     510
     496
     528
     506
     481
     464
     458
     408
     477
     397
     449
     417
     410
     425
     408
     382
     362
     333
     322
     322
     347
     274
     279
     281
     270
     255
     211
     200
     237
     168
     177
     165
     137
     144
     150
     119
     108
     108
     107
      91
      94
      62
      82
      74
      79
      70
      58
      48
      64
      55
      54
      68
      63
      66
      54
      59
      49
      68
      64
      46
      49
      67
      63
      67
      69
      67
      51
      60
      69
      45
      61
      57
      67
      60
      57
      60
      50
      59
      46
      52
      58
      53
      69
      64
      47
      63
      51
      54
      51
      52
      58
      65
      52
      65
      60
      55
      71
      53
      64
      57
      61
      46
      45
      51
      52
      60
      62
      65
      62
      45
      54
      36
      51
      43
      57
      56
      69
      58
      49
      48
      50
      56
      57
      55
      48
      52
      64
      56
      43
      40
      48
      39
      50
      43
      64
      42
      40
      54
      51
      51
      45
      43
      34
      45
      47
      52
      55
      52
      36
      43
      43
      47
      45
      56
      54
      42
      48
      42
      50
      59
      48
      34
      40
      46
      44
      44
      32
      44
      43
      37
      46
      46
      45
      49
      43
      38
      43
      49
      32
      38
      46
      43
      45
      34
      34
      40
      38
      32
      33
      39
      40
      39
      35
      43
      25
      37
      30
      35
      36
      39
      47
      35
      30
      29
      35
      42
      27
      30
      22
      31
      36
      27
      26
      29
      23
      24
      27
      23
      22
      21
      29
      27
      21
      16
      20
      18
      25
      19
      20
      20
      15
      21
      16
      15
      17
      18
       7
      12
       7
      11
       6
       6
      14
       7
       8
       5
      10
       6
       7
       4
       1
       1
       4
       6
       5
       3
       3
       3
       3
       3
       3
       4
       0
       2
       2
       0
       1
       0
       1
       0
       2
       2
       1
       1
       2
       1
       2
       0
       1
       2
       2
       2
       2
       0
       1
       1
       1
       0
       2
       4
       1
       0
       0
       4
       6
       1
       1
       0
       0
       1
       4
       2
       0
       0
       0
       4
       2
       2
       4
       0
       1
       1
       0
       1
       1
       1
       1
       0
       1
       3
       1
       0
       2
       1
       0
       1
       0
       4
       3
       2
       1
       2
       0
       0
       1
       1
       0
       0
       3
       1
       0
       4
       1
       1
       1
       2
       1
       2
       1
       1
       2
       1
       0
       3
       2
       0
       1
       1
       1
       1
       2
       4
       1
       1
       0
       2
       1
       3
       0
       0
       0
       1
       2
       0
       1
       0
       0
       2
       1
       1
       1
       1
       0
       0
       2
       2
       0
       0
       0
       2
       1
       0
       0
       1
       0
       0
       1
       1
       0
       0
       1
       0
       2
       1
       1
       2
       0
       0
       2
       0
       0
       0
       0
       0
       1
       0
       1
       0
       0
       1
       1
       0
       1
       0
       0
       1
       0
       1
       2
       0
       1
       0
       1
       0
       2
       1
       1
       0
       0
       1
       0
       0
       1
       1
       2
       1
       0
       0
       0
       1
       0
       0
       0
       0
       0
       4
       1
       0
       0
       0
       0
       1
       1
       1
       1
       0
       0
       1
       0
       0
       2
       1
       1
       0
       1
       0
       0
       1
       0
       0
       1
       1
       0
       1
       0
       1
       1
       1
       0
       0
       0
       0
       0
       2
       1
       1
       0
       1
       1
       0
       0
       0
       0
       0
       1
       0
       0
       0
       0
       0
       0
       1
       1
       0
       0
       0
       0
       0
       0
       0
       0
       1
       0
       1
       0
       0
       1
       0
       0
       0
       0
       0
       0
       0
       0
       1
       0
       1
       0
       0
       1
       0
       1
       0
       0
       0
       2
       0
       2
       0
       0
       0
       0
       1
       0
       0
       0
       0
       1
       0
       0
       0
       0
       0
       0
       0
       0
       0
       2
       1
       0
       0
       0
       0
       0
       1
       0
       0
       0
       1
       1
       0
       0
       0
       0
       0
       0
       0
       0
       0
       0
       1
       0
       1
       0
       0
       0
       0
       0
       0
       1
       0
       0
       0
       0
       0
       0
       0
       0
       0
       0
       0
       1
       0
       0
       1
       1
       0
       1
       0
       0
       0
       0
       0
       0
       0
       0
       0
       1
       1
       0
       0
       0
       0
       0
       0
       0
       0
       0
       0
       0
       0
       0
       1
       1
       1
       1
       0
       0
       0
       0
       0
       1
       0
       1
       0
       0
       0
       0
       0
       0
       0
       0
       0
       0
       0
       0
       0
       0
       0
       0
       0
       0
       0
       1
       0
       1
       0
       0
       1
       0
       0
       0
       0
       0
       1
       0
       0
       0
       0
       0
       0
       1
       0
       1
       0
       0
       0
       0
       0
       0
       0
       0
       0
       0
       0
       0
       0
       0
       0
       2
       1
       0
       0
       0
       0
       0
       0
       0
       0
       0
       0
       0
       0
       1
       0
       0
       0
       0
       0
       0
       0
       0
       0
       0
       0
       0
       0
       0
       0
       0
       0
       1
       0
       0
       0
       0
       1
       3
       1
       0
       0
       0
       0
       0
       0
       0
       0
       1
       0
       0
       0
       0
       1
       0
       0
       0
       0
       0
       0
       0
       1
       0
       1
       0
       0
       0
       0
       0
       0
       0
       0
       0
       1
       0
       0
       0
       0
       0
       0
       0
       0
       0
       0
       0
       0
       0
       0
       0
       0
       0
       0
       0
       0
       0
       0
       0
       0
       0
       0
       0
       0
       0
       1
       1
       0
       0
       0
       0
       0
       1
       0
       0
       0
       1
       1
       0
       0
       0
       0
       0
       0
       0
       0
       0
       1
       0
       0
       0
       0
       0
       0
       0
       0
       0
       0
       0
       0
       0
       0
       2
       0
       0
       0
       0
       0
       0
       0
       0
       0
       0
       0
       0
       0
       0
       1
       0
       0
       0
       0
       0
       0
       0
       0
       0
       0
       0
       0
       0
       0
       0
       0
       0
       0
       0
       0
       0
       0
       0
       0
       0
       0
       0
       0
       1
       0
       0
       0
       0
       0
       0
       0
       0
       0
       0
       0
       0
       0
       0
       0
       0
       0
       0
       0
       0
       0
       0
       0
       0
       0
       0
       0
       0
       0
       0
       0
       0
       0
       0
       0
       0
       0
       0
       0
       0
       0
       0
       0
       0
       0
       0
       0
       0
       0
       0
       0
       0
       0
       0
       0
       0
       0
       0
       0
       0
       0
       0
       0
       0
       0
       0
       0
       0
       0
       0
       0
       0
       0
       0
       0
       0
       0
       0
       0
       0
       0
       0
       0
       0
       0
       0
       0
       0
       0
       0
       0
       0
       0
       0
       0
       0
       0
       0
       0
       0
       0
       0
       0
       0
       0
       0
       0
       0
       0
       0
       0
       0
       0
       0
       0
       0
       0
       0
       0
       0
       0
       0
       0
       0
       0
       0
       0
       0
       0
       0
       0
       0
       0
       0
       0
       0
       0
       1
       0
       0
       0
       0
       0
       0
       0
       0
       0
       0
       0
       0
       0
       0
       0
       0
       0
       0
       0
       0
       0
       0
       0
       0
       0
       0
       0
       0
       0
       0
       0
       0
       0
       0
       0
       0
       0
       0
       0
       0
       0
       0
       0
       0
       0
       0
       0
       0
       0
       0
       0
$ROI:
1
519 551
$PRESETS:
None
0
0
$ENER_FIT:
0.000000 0.000000
$MCA_CAL:
3
0.000000E+000 0.000000E+000 0.000000E+000 
$SHAPE_CAL:
3
0.000000E+000 0.000000E+000 0.000000E+000
