$SPEC_ID:
No sample description was entered.
$SPEC_REM:
DET# 1
DETDESC# Easy-MCA 2k Ser:11231610
AP# Maestro Version 7.01
$DATE_MEA:
04/26/2024 11:00:03
$MEAS_TIM:
918 933
$DATA:
0 2047
       0
       0
       0
       0
       0
       0
       0
       0
       0
       0
       0
       0
       0
       0
       0
       0
       0
       0
       0
       0
       0
       0
       0
       0
       0
       0
       0
       0
       0
       0
       0
       0
       0
       0
       0
       0
       0
       0
       0
       0
       0
       0
       0
       0
       0
       0
       0
       0
       0
       0
       0
       0
       0
       0
       0
       0
       0
       0
       0
       0
       0
       0
       0
       0
       0
       0
       0
       0
       0
       0
       0
       0
       0
       0
       0
       0
       0
       0
       0
       0
       0
       0
       0
       0
       0
       0
       0
       0
       0
       0
       0
       0
       0
       0
       0
       0
       0
       0
       1
     158
    1190
    1224
    1257
    1319
    1242
    1259
    1269
    1222
    1267
    1297
    1286
    1339
    1299
    1406
    1398
    1448
    1497
    1518
    1542
    1699
    1870
    1976
    2152
    2240
    2140
    2325
    2436
    2538
    2451
    2538
    2545
    2411
    2600
    2612
    2621
    2579
    2455
    2535
    2538
    2464
    2623
    2587
    2533
    2611
    2515
    2501
    2586
    2513
    2584
    2505
    2546
    2477
    2460
    2562
    2429
    2535
    2480
    2445
    2546
    2478
    2455
    2444
    2407
    2434
    2445
    2295
    2424
    2351
    2343
    2412
    2472
    2345
    2338
    2499
    2375
    2320
    2370
    2347
    2406
    2313
    2223
    2292
    2453
    2342
    2291
    2237
    2311
    2339
    2259
    2265
    2306
    2285
    2223
    2248
    2192
    2189
    2152
    2212
    2185
    2177
    2275
    2180
    2161
    2212
    2137
    2271
    2236
    2054
    2204
    2113
    2085
    2095
    2134
    2227
    2093
    2133
    2075
    2110
    2024
    2119
    1987
    2096
    2109
    2068
    1966
    2065
    1989
    2045
    1995
    2002
    2031
    1990
    2008
    1963
    2023
    2047
    1922
    1976
    2001
    2038
    2015
    1983
    1848
    1836
    1861
    1981
    1890
    1884
    1840
    1863
    1923
    1909
    1916
    1849
    1899
    1806
    1775
    1800
    1763
    1856
    1893
    1834
    1826
    1825
    1821
    1810
    1823
    1808
    1799
    1730
    1749
    1792
    1829
    1799
    1735
    1764
    1727
    1734
    1794
    1676
    1689
    1589
    1691
    1685
    1755
    1687
    1692
    1649
    1703
    1689
    1650
    1670
    1637
    1642
    1642
    1611
    1689
    1597
    1596
    1593
    1570
    1654
    1575
    1538
    1591
    1528
    1605
    1475
    1497
    1558
    1528
    1585
    1544
    1549
    1538
    1533
    1412
    1453
    1534
    1470
    1478
    1480
    1492
    1492
    1418
    1447
    1476
    1513
    1357
    1457
    1411
    1400
    1413
    1394
    1416
    1394
    1406
    1422
    1391
    1409
    1476
    1391
    1427
    1430
    1408
    1400
    1396
    1329
    1424
    1339
    1358
    1434
    1279
    1337
    1321
    1372
    1352
    1383
    1353
    1360
    1346
    1379
    1323
    1336
    1383
    1371
    1446
    1430
    1390
    1388
    1441
    1487
    1454
    1482
    1489
    1459
    1428
    1473
    1504
    1427
    1373
    1487
    1406
    1425
    1402
    1320
    1344
    1410
    1378
    1343
    1349
    1296
    1301
    1291
    1261
    1295
    1263
    1296
    1295
    1243
    1236
    1161
    1257
    1197
    1263
    1241
    1155
    1168
    1130
    1125
    1185
    1147
    1131
    1021
    1145
    1095
    1053
    1064
    1110
    1079
    1069
    1104
    1064
    1037
    1115
    1039
    1049
    1059
    1020
     981
    1070
     983
    1055
    1007
    1049
     976
    1027
    1007
    1029
     953
    1035
     959
     997
    1045
     962
     935
     956
     995
    1001
     945
     980
     916
     981
     976
     918
     921
     964
     950
     955
    1011
     939
     972
     942
    1013
     955
     963
     989
     959
     986
     970
     985
    1009
     973
    1034
     952
    1034
    1048
    1045
    1053
    1093
    1121
    1187
    1257
    1279
    1381
    1460
    1660
    1761
    1850
    2076
    2109
    2261
    2285
    2326
    2263
    2074
    1901
    1786
    1515
    1273
    1049
     919
     810
     617
     575
     527
     499
     497
     439
     431
     407
     370
     397
     401
     402
     419
     334
     370
     405
     373
     369
     352
     366
     371
     346
     385
     381
     359
     402
     393
     360
     368
     365
     367
     352
     371
     405
     359
     379
     370
     379
     406
     346
     374
     372
     372
     381
     376
     362
     379
     395
     334
     374
     378
     375
     436
     387
     398
     377
     350
     390
     354
     400
     372
     399
     371
     373
     391
     394
     414
     357
     350
     333
     381
     364
     362
     389
     366
     383
     363
     342
     396
     388
     391
     357
     402
     424
     397
     351
     392
     360
     346
     390
     394
     351
     399
     390
     397
     353
     348
     364
     366
     403
     376
     346
     373
     381
     364
     369
     417
     388
     417
     409
     370
     390
     356
     395
     373
     404
     324
     356
     370
     363
     363
     352
     351
     396
     414
     381
     399
     384
     403
     364
     359
     341
     356
     423
     393
     374
     391
     362
     391
     366
     406
     365
     380
     377
     388
     359
     381
     354
     399
     379
     370
     364
     388
     369
     423
     387
     400
     416
     374
     365
     398
     391
     352
     385
     369
     409
     376
     351
     404
     399
     377
     384
     388
     399
     413
     420
     358
     401
     398
     374
     373
     398
     380
     353
     380
     378
     409
     396
     404
     327
     388
     355
     404
     365
     368
     392
     389
     385
     370
     366
     395
     381
     432
     411
     361
     368
     370
     359
     362
     384
     375
     357
     376
     406
     345
     364
     365
     389
     386
     371
     389
     381
     362
     389
     360
     339
     382
     368
     403
     405
     393
     385
     352
     441
     386
     380
     372
     383
     373
     364
     381
     398
     353
     399
     359
     382
     380
     363
     361
     354
     396
     416
     369
     387
     392
     361
     354
     406
     377
     381
     348
     375
     386
     387
     352
     375
     380
     371
     382
     388
     377
     375
     358
     394
     380
     345
     377
     356
     341
     392
     345
     368
     366
     363
     380
     373
     367
     378
     360
     375
     374
     343
     376
     392
     353
     349
     332
     335
     342
     365
     332
     363
     372
     367
     367
     361
     372
     382
     336
     345
     324
     325
     335
     364
     360
     373
     361
     379
     340
     373
     354
     326
     345
     326
     351
     348
     353
     330
     325
     348
     350
     322
     344
     353
     311
     319
     374
     341
     345
     354
     318
     328
     333
     340
     342
     374
     325
     300
     329
     321
     319
     320
     332
     294
     338
     315
     313
     319
     309
     320
     283
     301
     276
     324
     318
     301
     300
     310
     272
     320
     290
     274
     258
     291
     283
     282
     307
     271
     240
     281
     274
     243
     261
     256
     236
     240
     241
     237
     244
     224
     226
     220
     220
     226
     202
     258
     191
     220
     188
     199
     179
     172
     175
     194
     149
     152
     139
     137
     145
     134
     116
     125
     102
     107
      90
      98
      91
      82
      79
      78
      61
      53
      43
      46
      47
      56
      38
      32
      35
      27
      31
      23
      25
      30
      26
      35
      21
      21
      35
      24
      32
      20
      40
      24
      31
      28
      17
      30
      27
      26
      25
      28
      35
      41
      20
      31
      15
      27
      21
      29
      25
      27
      33
      27
      28
      35
      31
      34
      30
      33
      21
      34
      24
      18
      25
      28
      24
      32
      31
      23
      25
      31
      21
      28
      26
      33
      29
      13
      25
      27
      21
      26
      26
      24
      18
      27
      21
      19
      26
      28
      21
      24
      25
      24
      27
      21
      25
      15
      26
      31
      31
      15
      24
      30
      35
      18
      23
      22
      30
      26
      19
      23
      19
      23
      24
      23
      26
      19
      18
      11
      23
      19
      20
      26
      25
      15
      21
      23
      28
      25
      21
      20
      19
      19
      20
      19
      13
      18
      18
      31
      10
       9
      37
      21
      28
      17
      14
      21
      17
      23
      18
      15
      18
      13
      16
      16
      14
      12
      14
      23
      16
      12
      19
      17
      15
      15
      11
       7
      12
      10
      15
      17
      20
      11
      13
       7
       5
      17
       9
      13
       9
      13
      10
       8
       5
      11
       4
      11
       9
       4
      10
      12
       9
       5
      12
       7
       8
       1
       6
       2
       9
       5
       6
       6
       3
       3
       3
       2
       3
       3
       2
       2
       2
       1
       1
       1
       5
       4
       1
       1
       0
       2
       1
       3
       2
       0
       3
       3
       2
       2
       0
       0
       5
       0
       0
       1
       3
       0
       1
       1
       2
       4
       2
       1
       1
       1
       1
       0
       0
       0
       3
       1
       1
       3
       2
       1
       1
       0
       1
       0
       0
       1
       1
       1
       1
       0
       1
       1
       1
       0
       2
       1
       0
       1
       1
       2
       1
       2
       1
       0
       0
       0
       1
       1
       0
       0
       2
       1
       0
       2
       1
       0
       0
       0
       0
       2
       1
       2
       1
       0
       1
       1
       2
       0
       1
       1
       1
       0
       2
       2
       2
       0
       1
       1
       0
       1
       2
       0
       0
       0
       0
       2
       1
       0
       1
       1
       0
       0
       0
       0
       0
       0
       1
       2
       0
       0
       0
       1
       0
       1
       1
       1
       2
       0
       0
       0
       0
       2
       1
       1
       4
       1
       1
       0
       0
       1
       0
       1
       1
       1
       0
       0
       2
       0
       0
       0
       2
       0
       0
       1
       1
       0
       0
       2
       0
       2
       0
       0
       2
       1
       0
       1
       1
       0
       1
       1
       0
       4
       0
       1
       0
       2
       1
       0
       0
       1
       0
       0
       0
       0
       0
       0
       0
       0
       0
       0
       1
       2
       0
       1
       1
       0
       0
       0
       0
       0
       0
       0
       2
       0
       1
       0
       1
       0
       1
       0
       1
       0
       1
       0
       1
       0
       0
       0
       0
       0
       0
       0
       0
       0
       0
       1
       0
       0
       0
       0
       0
       0
       1
       0
       0
       1
       0
       0
       0
       0
       0
       2
       0
       0
       0
       0
       0
       2
       0
       0
       1
       1
       0
       0
       0
       1
       0
       0
       0
       0
       0
       0
       0
       1
       0
       0
       0
       0
       1
       0
       0
       0
       0
       0
       1
       0
       0
       0
       0
       0
       1
       0
       0
       0
       0
       1
       0
       0
       0
       1
       0
       0
       0
       0
       0
       1
       0
       2
       0
       1
       0
       0
       0
       1
       1
       0
       1
       0
       0
       0
       2
       1
       1
       0
       1
       0
       0
       0
       1
       0
       0
       1
       1
       0
       1
       0
       0
       0
       1
       0
       0
       0
       1
       0
       0
       1
       0
       0
       1
       0
       0
       0
       0
       1
       0
       0
       0
       0
       0
       0
       0
       2
       1
       0
       0
       0
       0
       0
       0
       1
       0
       0
       0
       0
       0
       0
       0
       0
       0
       0
       0
       0
       1
       0
       0
       0
       0
       0
       0
       0
       0
       1
       0
       0
       0
       1
       0
       0
       0
       0
       0
       0
       0
       1
       1
       0
       0
       0
       0
       0
       0
       1
       0
       1
       0
       0
       1
       0
       1
       0
       0
       0
       0
       0
       0
       0
       0
       0
       0
       0
       0
       0
       0
       0
       0
       1
       0
       1
       0
       0
       0
       1
       0
       0
       0
       0
       0
       0
       0
       0
       1
       0
       0
       0
       0
       0
       0
       0
       0
       1
       1
       0
       0
       0
       0
       0
       0
       0
       0
       0
       0
       0
       0
       0
       0
       0
       0
       0
       0
       0
       0
       0
       1
       0
       0
       0
       0
       0
       0
       0
       0
       0
       0
       0
       0
       0
       0
       0
       0
       0
       0
       0
       0
       0
       0
       0
       0
       0
       0
       0
       0
       0
       0
       1
       0
       0
       1
       0
       0
       0
       0
       0
       0
       0
       1
       0
       0
       0
       1
       0
       0
       0
       0
       0
       0
       0
       0
       0
       0
       0
       0
       0
       0
       0
       0
       0
       0
       0
       0
       1
       0
       0
       0
       0
       0
       0
       0
       0
       0
       0
       1
       0
       0
       0
       0
       0
       0
       0
       0
       0
       1
       0
       0
       0
       0
       0
       0
       0
       0
       0
       0
       0
       0
       0
       0
       0
       0
       0
       0
       0
       0
       0
       0
       0
       0
       0
       0
       0
       0
       0
       0
       0
       0
       0
       0
       0
       0
       0
       0
       0
       0
       0
       0
       0
       0
       0
       0
       0
       0
       1
       0
       0
       0
       0
       0
       0
       0
       0
       0
       0
       1
       0
       0
       0
       0
       0
       0
       0
       0
       0
       0
       0
       0
       0
       0
       0
       0
       0
       0
       0
       0
       0
       0
       0
       0
       0
       0
       0
       0
       0
       0
       0
       0
       0
       0
       0
       0
       0
       0
       0
       0
       0
       0
       0
       0
       0
       0
       0
       0
       0
       0
       0
       0
       0
       0
       0
       0
       0
       0
       0
       0
       0
       0
       0
       0
       0
       0
       1
       0
       0
       0
       0
       0
       0
       0
       0
       0
       0
       0
       0
       0
       0
       0
       0
       0
       0
       0
       0
       0
       0
       0
       0
       0
       0
       0
       0
       0
       0
       0
       0
       0
       0
       0
       0
       0
       0
       0
       0
       0
       0
       0
       0
       0
       0
       0
       0
       0
       0
       0
       0
       0
       0
       0
       0
       0
       0
       0
       0
       0
       0
       0
       0
       0
       0
       0
       0
       0
       0
       0
       0
       0
       0
       0
       0
       0
       0
       0
       0
       0
       0
       0
       0
       0
       0
       0
       0
       0
       0
       0
       0
       0
       0
       0
       0
       0
       0
       0
       0
       0
       0
       0
       0
       0
       0
       0
       0
       0
       0
       0
       0
       0
       0
       0
       0
       0
       0
       0
       0
       0
       0
       0
       0
       0
       0
       0
       0
       0
       0
       0
       0
       0
       0
       0
       0
       0
       0
       0
       0
       0
       0
       0
       0
       0
       0
       0
       0
       0
       0
       0
       0
       0
       1
       0
       0
       0
       0
       0
       0
       0
       0
       0
       0
       0
       0
       0
       0
       0
       0
       0
       0
       0
       0
       0
       0
       0
       0
       0
       0
       0
       0
       0
       0
       0
       0
       0
       0
       0
       0
       0
       0
       0
       0
       0
       0
       0
       0
       0
       0
       0
       0
       0
       0
       0
       0
       0
       0
       0
       0
       0
       0
       0
       0
       0
       0
       0
       0
       0
       0
       0
       0
       0
       0
       0
       0
       0
       0
       0
       0
       0
$ROI:
1
26 63
$PRESETS:
None
0
0
$ENER_FIT:
-40.692581 0.770317
$MCA_CAL:
3
-4.069258E+001 7.703171E-001 0.000000E+000 keV
$SHAPE_CAL:
3
4.268909E+001 2.500139E-002 0.000000E+000
