$SPEC_ID:
No sample description was entered.
$SPEC_REM:
DET# 1
DETDESC# DESKTOP-0NFQHD6 Easy-MCA-2k SN 16145346
AP# Maestro Version 7.01
$DATE_MEA:
04/23/2024 08:50:36
$MEAS_TIM:
787 794
$DATA:
0 2047
       0
       0
       0
       0
       0
       0
       0
       0
       0
       0
       0
       0
       0
       0
       0
       0
       0
       0
       0
       0
       0
       0
       0
       0
       0
       0
       0
       0
       0
       0
       0
       0
       0
       0
       0
       0
       0
       0
       0
       0
       0
       0
       0
       0
       0
       0
       0
       0
       0
       0
       0
       0
       0
       0
       0
       0
       0
       0
       0
       0
       0
       0
       0
       0
       0
       0
       0
       0
       0
       0
       0
       0
       0
       2
     140
     450
     463
     484
     459
     457
     447
     440
     433
     425
     456
     442
     434
     427
     409
     485
     415
     439
     403
     480
     444
     455
     430
     447
     436
     451
     440
     439
     447
     429
     462
     471
     450
     455
     456
     437
     448
     473
     504
     455
     475
     472
     511
     497
     473
     504
     492
     518
     518
     523
     574
     558
     573
     557
     619
     667
     727
     741
     896
     869
     930
     921
     991
     965
     934
     901
     950
     910
     956
     949
     994
     937
     982
     938
     987
     944
     919
     965
     947
     976
     964
     966
     966
     932
     913
     973
     990
     939
     940
     948
     981
     970
     956
     965
     955
     918
     893
     961
     876
     884
     932
     898
     894
     853
     870
     829
     883
     916
     865
     920
     895
     855
     846
     865
     947
     886
     841
     838
     839
     928
     881
     855
     886
     851
     854
     854
     901
     886
     842
     860
     826
     806
     825
     855
     846
     786
     875
     813
     806
     868
     858
     742
     782
     821
     796
     815
     782
     779
     830
     795
     769
     837
     813
     764
     764
     804
     794
     769
     770
     742
     793
     850
     787
     759
     822
     729
     778
     750
     758
     750
     759
     805
     689
     706
     717
     752
     740
     731
     747
     749
     735
     720
     721
     729
     707
     740
     727
     684
     714
     725
     675
     717
     713
     699
     680
     675
     709
     718
     678
     623
     753
     676
     667
     699
     670
     652
     689
     667
     639
     692
     691
     645
     704
     661
     694
     643
     634
     722
     615
     674
     647
     658
     618
     637
     655
     687
     637
     655
     635
     605
     669
     609
     625
     633
     632
     618
     614
     577
     600
     567
     623
     593
     625
     600
     594
     616
     559
     610
     575
     566
     543
     577
     590
     573
     568
     598
     554
     609
     634
     571
     561
     620
     517
     577
     517
     534
     564
     552
     581
     567
     563
     561
     547
     563
     557
     531
     511
     522
     591
     534
     544
     520
     522
     569
     544
     517
     533
     542
     522
     505
     524
     495
     541
     556
     502
     511
     533
     514
     534
     521
     510
     521
     512
     513
     524
     522
     486
     496
     524
     479
     495
     482
     526
     523
     514
     489
     524
     518
     495
     494
     553
     492
     500
     523
     541
     493
     524
     563
     500
     514
     537
     533
     563
     562
     535
     534
     510
     494
     518
     557
     538
     498
     487
     506
     479
     504
     505
     526
     476
     504
     508
     436
     476
     437
     503
     452
     467
     430
     463
     416
     427
     406
     430
     441
     420
     397
     398
     435
     440
     408
     381
     393
     375
     432
     394
     381
     395
     393
     399
     395
     411
     390
     375
     396
     396
     347
     375
     339
     360
     394
     377
     401
     380
     358
     366
     349
     355
     385
     337
     375
     370
     367
     354
     377
     361
     370
     373
     343
     336
     364
     380
     358
     375
     380
     352
     381
     365
     326
     327
     345
     345
     369
     362
     360
     324
     366
     377
     363
     371
     354
     380
     388
     387
     363
     387
     409
     407
     408
     384
     425
     362
     400
     421
     445
     468
     429
     508
     481
     500
     540
     549
     590
     653
     739
     805
     874
     955
     893
     943
     889
     814
     690
     566
     483
     395
     315
     246
     201
     188
     168
     145
     142
     146
     155
     150
     130
     131
     151
     125
     121
     115
     131
     141
     128
     120
     116
     133
     151
     127
     130
     133
     130
     151
     132
     133
     111
     135
     126
     145
     133
     127
     127
     128
     131
     130
     142
     133
     124
     130
     125
     139
     123
     124
     126
     124
     125
     151
     138
     143
     148
     139
     140
     140
     133
     133
     126
     150
     155
     129
     124
     163
     148
     130
     146
     130
     135
     130
     144
     153
     162
     153
     142
     136
     120
     138
     136
     144
     138
     129
     141
     162
     115
     141
     140
     128
     141
     134
     143
     123
     138
     133
     151
     115
     141
     141
     141
     115
     107
     130
     144
     127
     121
     125
     143
     155
     123
     124
     133
     145
     119
     143
     141
     129
     119
     148
     141
     141
     134
     108
     172
     139
     148
     125
     160
     151
     116
     143
     142
     133
     141
     124
     131
     127
     120
     144
     142
     151
     143
     130
     148
     120
     138
     137
     131
     133
     150
     129
     113
     154
     129
     130
     158
     130
     131
     142
     139
     146
     124
     104
     140
     131
     144
     143
     132
     122
     135
     150
     135
     148
     126
     137
     141
     154
     137
     125
     141
     127
     131
     148
     152
     146
     130
     144
     134
     141
     138
     140
     141
     149
     139
     135
     149
     149
     159
     119
     130
     146
     167
     147
     136
     133
     138
     131
     119
     135
     137
     156
     135
     155
     132
     153
     126
     128
     132
     152
     138
     129
     133
     131
     143
     147
     142
     115
     148
     133
     127
     161
     142
     136
     135
     111
     130
     157
     139
     132
     154
     139
     145
     137
     141
     132
     172
     134
     154
     139
     155
     157
     157
     154
     115
     139
     145
     136
     167
     162
     147
     119
     131
     151
     130
     135
     113
     150
     115
     128
     134
     153
     134
     120
     164
     133
     150
     142
     129
     166
     139
     129
     137
     143
     143
     127
     159
     140
     143
     135
     128
     135
     111
     140
     129
     133
     130
     140
     142
     142
     142
     150
     144
     158
     129
     144
     145
     144
     146
     141
     122
     131
     138
     144
     127
     146
     141
     152
     136
     144
     131
     121
     137
     134
     127
     123
     127
     138
     116
     137
     131
     153
     126
     131
     133
     116
     148
     132
     121
     156
     104
     141
     139
     103
     147
     122
     119
     106
     139
     139
     130
     121
     106
     122
     126
     109
     145
     131
     108
     122
     126
     125
     131
     121
     142
     136
     118
     138
     120
     110
     116
     121
     132
     115
     122
     112
     114
     107
     124
     113
     117
     121
     118
     124
     111
     133
     101
     109
     108
      91
     118
     107
     114
     105
     118
     112
     113
     100
     109
      86
     103
      94
     108
      96
      80
     119
      86
      92
      72
      97
      93
      98
      87
     108
     102
      89
      90
      84
      79
      89
      79
      94
      81
      74
      84
      87
      81
      82
      70
      79
      71
      51
      54
      68
      55
      68
      70
      72
      58
      54
      48
      43
      54
      50
      38
      47
      38
      39
      33
      33
      33
      22
      26
      28
      24
      15
      22
      14
      14
      19
      11
      21
      13
      12
      15
      15
       7
      10
       5
      10
       9
       8
      10
       6
      15
      16
       9
      11
       8
      10
       7
      12
      10
      10
       7
       7
       7
       6
       6
       6
       5
       5
      10
      10
       8
       6
       6
       8
       6
      12
      12
       7
      12
       8
      14
      10
       9
      16
       4
      11
       6
       7
      15
       3
      10
       6
      10
       5
      14
      10
      11
       9
       5
       7
       9
      10
       8
      11
       3
       7
      14
       9
       6
       8
      12
      10
       3
      11
       5
       9
       7
       8
       8
      11
      10
       9
       8
       4
      10
       7
      12
       7
      11
       9
       8
       9
       7
       8
       7
       9
       9
       7
       6
      11
       7
      10
      11
       9
       5
       8
      13
       7
      14
       3
       9
       5
      13
      10
       7
       5
       7
       6
       4
       8
       9
       6
      11
       6
       6
       5
      10
       7
       7
       6
       8
      10
       7
      14
       6
       5
       9
       2
      10
       6
       6
       6
       6
       8
       3
       8
       8
       8
       5
       4
       5
       3
       5
       7
       4
      10
       4
       5
      12
       5
       3
       6
       4
       7
       4
       4
       2
       6
       5
       4
       2
       4
       2
       3
       4
       5
       3
       4
       3
       6
       3
       5
       2
       3
       2
       4
       4
       5
       2
       5
       2
       3
       3
       0
       3
       0
       1
       1
       0
       1
       0
       4
       3
       0
       1
       3
       0
       0
       0
       0
       1
       0
       1
       0
       0
       0
       0
       1
       1
       0
       1
       0
       1
       0
       1
       0
       1
       1
       0
       1
       0
       1
       0
       0
       0
       0
       0
       1
       0
       1
       0
       1
       2
       0
       0
       0
       1
       0
       0
       0
       0
       1
       0
       0
       0
       0
       0
       0
       0
       1
       0
       0
       0
       0
       0
       0
       0
       1
       0
       0
       0
       0
       1
       1
       0
       0
       0
       0
       0
       0
       1
       0
       0
       0
       0
       0
       0
       1
       0
       0
       0
       0
       0
       0
       0
       0
       0
       0
       0
       0
       0
       0
       1
       0
       0
       1
       0
       0
       0
       0
       0
       0
       0
       1
       0
       0
       0
       0
       0
       0
       0
       0
       0
       0
       0
       0
       0
       0
       0
       0
       0
       0
       0
       0
       0
       0
       0
       0
       0
       0
       0
       0
       0
       1
       0
       0
       0
       0
       0
       0
       0
       0
       1
       0
       0
       0
       0
       0
       0
       0
       0
       0
       0
       0
       0
       0
       0
       0
       0
       0
       0
       0
       0
       0
       0
       0
       0
       0
       0
       0
       1
       0
       0
       1
       0
       0
       0
       0
       0
       0
       0
       0
       0
       0
       0
       0
       0
       0
       0
       0
       0
       0
       0
       0
       0
       0
       0
       0
       0
       0
       0
       0
       0
       0
       0
       0
       0
       0
       0
       0
       0
       0
       0
       0
       0
       0
       0
       0
       0
       0
       0
       0
       0
       0
       0
       0
       1
       0
       0
       1
       0
       0
       0
       0
       0
       0
       0
       0
       0
       0
       0
       0
       0
       0
       0
       0
       0
       0
       0
       0
       0
       0
       0
       0
       0
       0
       0
       0
       0
       0
       0
       0
       0
       0
       0
       0
       0
       0
       0
       0
       0
       0
       1
       0
       0
       0
       0
       0
       0
       0
       0
       0
       0
       0
       0
       0
       0
       0
       0
       0
       0
       0
       0
       0
       0
       0
       0
       0
       0
       0
       0
       0
       0
       0
       0
       0
       0
       0
       0
       0
       0
       0
       0
       0
       0
       0
       0
       0
       0
       0
       0
       0
       0
       0
       0
       0
       0
       1
       0
       0
       1
       0
       0
       0
       0
       0
       0
       0
       0
       0
       0
       0
       0
       0
       0
       0
       0
       0
       0
       0
       0
       0
       0
       0
       0
       0
       0
       0
       0
       0
       0
       0
       0
       0
       0
       0
       0
       0
       0
       0
       0
       0
       0
       0
       0
       0
       0
       0
       0
       0
       0
       0
       0
       0
       0
       0
       0
       0
       0
       0
       0
       0
       0
       0
       0
       0
       0
       0
       0
       0
       0
       0
       0
       0
       1
       0
       0
       0
       0
       0
       0
       0
       0
       0
       0
       0
       0
       0
       0
       0
       0
       0
       0
       0
       0
       0
       0
       0
       0
       0
       0
       0
       0
       0
       0
       0
       0
       0
       0
       0
       0
       0
       0
       0
       0
       0
       0
       0
       0
       0
       0
       0
       0
       0
       0
       0
       0
       0
       0
       0
       0
       0
       0
       0
       0
       0
       0
       0
       0
       0
       0
       0
       0
       0
       0
       0
       0
       0
       0
       0
       0
       0
       0
       0
       0
       0
       0
       0
       0
       0
       0
       1
       0
       0
       0
       0
       0
       0
       0
       0
       0
       0
       0
       0
       0
       0
       0
       0
       0
       1
       0
       0
       0
       0
       0
       0
       0
       0
       0
       0
       0
       0
       0
       0
       0
       0
       0
       0
       0
       0
       0
       0
       0
       0
       0
       0
       0
       0
       0
       0
       0
       0
       0
       0
       0
       0
       0
       0
       0
       0
       0
       0
       0
       0
       0
       0
       0
       0
       0
       0
       0
       0
       0
       0
       0
       0
       0
       0
       0
       0
       0
       0
       0
       0
       0
       0
       0
       0
       0
       0
       0
       0
       0
       0
       0
       0
       0
       0
       0
       0
       0
       0
       0
       0
       0
       0
       0
       0
       0
       0
       0
       0
       0
       0
       0
       0
       0
       0
       0
       0
       0
       0
       0
       0
       0
       0
       0
       0
       0
       0
       0
       1
       0
       0
       0
       0
       0
       0
       0
       0
       0
       0
       0
       0
       0
       0
       0
       0
       0
       0
       0
       0
       0
       0
       0
       0
       0
       0
       0
       0
       0
       0
       0
       0
       0
       0
       0
       0
       0
       0
       0
       0
       0
       0
       0
       0
       0
       0
       0
       0
       0
       0
       0
       0
       0
       0
       0
       0
       0
       0
       0
       0
       0
       0
       0
       0
       0
       0
       0
       0
       0
       0
       0
       0
       0
       0
       0
       0
       0
       0
       0
       0
       0
       0
       0
       0
       0
       0
       0
       0
       0
       0
       0
       0
       0
       0
       0
       0
       0
       0
       0
       0
       0
       0
       0
       0
       0
       0
       0
       0
       0
       0
       0
       0
       0
       0
       0
       0
       0
       0
       0
       0
       0
       0
       0
       0
       0
       0
       0
       0
       0
       0
       0
       0
       0
       0
       0
       0
       0
       0
       0
       0
       0
       0
       0
       0
       0
       0
       0
       0
       0
       0
       0
       0
       0
       0
       0
       0
       0
       0
       0
       0
       0
       0
       0
       0
       0
       0
       0
       0
       0
       0
       0
       0
       0
       0
       0
       0
       0
       0
       0
       0
       0
       0
       0
       0
       0
       0
       0
       0
       0
       0
       0
       0
       0
       0
       0
       0
       0
       0
       0
       0
       0
       0
       0
       0
       0
       0
       0
       0
       0
       0
       0
       0
       0
$ROI:
1
519 551
$PRESETS:
None
0
0
$ENER_FIT:
0.000000 0.000000
$MCA_CAL:
3
0.000000E+000 0.000000E+000 0.000000E+000 
$SHAPE_CAL:
3
0.000000E+000 0.000000E+000 0.000000E+000
