$SPEC_ID:
No sample description was entered.
$SPEC_REM:
DET# 1
DETDESC# Easy-MCA 2k Ser:11231610
AP# Maestro Version 7.01
$DATE_MEA:
04/26/2024 08:48:23
$MEAS_TIM:
4444 4525
$DATA:
0 2047
       0
       0
       0
       0
       0
       0
       0
       0
       0
       0
       0
       0
       0
       0
       0
       0
       0
       0
       0
       0
       0
       0
       0
       0
       0
       0
       0
       0
       0
       0
       0
       0
       0
       0
       0
       0
       0
       0
       0
       0
       0
       0
       0
       0
       0
       0
       0
       0
       0
       0
       0
       0
       0
       0
       0
       0
       0
       0
       0
       0
       0
       0
       0
       0
       0
       0
       0
       0
       0
       0
       0
       0
       0
       0
       0
       0
       0
       0
       0
       0
       0
       0
       0
       0
       0
       0
       0
       0
       0
       0
       0
       0
       0
       0
       0
       0
       0
       0
      20
     851
    6372
    6545
    6414
    6336
    6667
    6590
    6592
    6790
    6666
    6784
    6838
    6840
    7078
    7058
    7274
    7202
    7776
    8131
    8363
    9107
    9764
   10458
   10857
   11597
   12169
   12603
   12797
   13034
   13386
   13087
   13370
   13420
   13371
   13455
   13827
   13426
   13664
   13600
   13513
   13387
   13435
   13442
   13668
   13480
   13456
   13320
   13285
   13314
   13166
   13329
   13184
   13125
   13234
   13211
   13012
   12975
   13043
   13064
   13090
   13049
   13042
   12993
   12896
   12884
   12713
   12939
   12812
   12969
   12691
   12926
   12561
   12525
   12615
   12630
   12660
   12776
   12389
   12528
   12364
   12256
   12315
   12415
   12313
   12304
   12249
   12183
   12290
   12185
   12128
   12033
   11986
   11941
   12044
   11968
   11764
   11714
   11990
   11857
   11976
   11652
   11833
   11643
   11573
   11521
   11303
   11498
   11339
   11346
   11365
   11406
   11489
   11210
   11191
   11108
   11249
   11201
   10973
   10997
   11090
   10911
   10774
   10986
   10761
   10899
   10902
   10729
   10770
   10712
   10737
   10795
   10682
   10636
   10712
   10556
   10353
   10464
   10498
   10380
   10442
   10189
   10427
   10218
   10334
   10085
   10160
   10258
   10110
   10246
   10269
    9943
   10091
    9930
   10091
    9964
    9858
    9827
    9899
    9900
    9826
    9779
    9721
    9715
    9590
    9541
    9471
    9697
    9419
    9394
    9511
    9483
    9536
    9441
    9369
    9190
    9628
    9241
    9252
    9120
    9157
    9286
    9122
    8993
    8941
    9207
    8749
    8840
    8967
    8911
    8747
    8884
    8967
    8819
    8589
    8686
    8894
    8566
    8722
    8730
    8564
    8447
    8657
    8424
    8474
    8385
    8274
    8440
    8371
    8171
    8293
    8446
    8185
    8313
    8132
    8253
    8018
    8090
    8028
    8042
    7910
    8150
    7922
    7968
    7931
    7974
    7822
    7830
    7778
    7856
    7827
    7703
    7689
    7612
    7589
    7642
    7668
    7634
    7500
    7520
    7550
    7529
    7598
    7498
    7469
    7383
    7229
    7415
    7362
    7369
    7306
    7242
    7187
    7567
    7257
    7497
    7497
    7303
    7326
    7374
    7401
    7361
    7155
    7253
    7452
    7369
    7429
    7424
    7230
    7454
    7578
    7627
    7652
    7825
    7708
    7860
    7866
    7727
    7932
    7916
    7670
    7787
    7760
    7523
    7534
    7674
    7637
    7286
    7253
    7261
    7287
    7227
    7047
    7132
    6993
    6883
    7027
    6860
    6960
    6798
    6969
    6654
    6502
    6640
    6472
    6494
    6395
    6313
    6281
    6251
    6238
    6053
    6126
    6196
    6075
    5879
    5991
    5962
    5864
    5640
    5733
    5778
    5615
    5487
    5585
    5604
    5665
    5501
    5556
    5399
    5460
    5531
    5303
    5526
    5317
    5362
    5176
    5255
    5215
    5438
    5159
    5270
    5318
    5274
    5245
    5138
    5186
    5159
    5267
    5135
    5252
    5192
    5102
    5143
    5145
    5161
    5162
    5130
    4995
    5202
    5098
    5060
    5212
    5031
    5111
    5216
    4985
    5217
    5202
    5075
    5113
    5296
    5378
    5338
    5396
    5339
    5329
    5493
    5510
    5708
    5639
    5857
    5942
    6129
    6399
    6775
    7075
    7778
    8307
    9082
   10041
   10813
   11523
   12196
   12580
   12554
   12377
   11679
   10778
    9631
    8491
    7268
    6055
    5218
    4399
    3884
    3325
    3012
    2692
    2565
    2530
    2376
    2203
    2159
    2157
    2130
    2072
    2036
    2052
    2081
    1984
    1986
    2028
    2067
    1992
    1966
    1940
    1923
    1975
    1974
    1918
    1980
    1928
    1916
    2002
    1977
    1895
    1966
    1961
    1925
    1964
    1997
    1947
    1945
    2082
    1940
    2040
    2018
    1969
    1945
    1996
    1970
    1985
    1908
    1971
    2015
    1919
    2017
    2033
    2019
    1955
    1909
    2039
    2085
    2047
    2054
    1975
    1920
    1939
    2065
    2008
    2017
    2071
    2018
    1976
    2055
    1986
    2005
    2003
    2096
    2090
    2018
    1953
    2014
    2039
    1998
    1993
    1980
    1957
    2039
    2066
    1950
    2005
    2019
    1976
    2087
    2032
    1962
    2052
    1972
    2024
    2037
    1991
    1964
    2031
    1987
    1997
    2051
    1983
    1957
    1925
    2023
    2013
    2086
    1999
    2046
    2000
    2029
    1955
    2000
    2012
    1951
    1949
    1899
    1982
    1971
    2054
    1988
    2097
    1939
    2035
    2012
    2032
    2024
    2033
    1965
    2026
    1940
    2000
    2008
    2030
    1953
    2088
    2062
    2157
    1929
    2022
    2028
    1944
    2000
    2060
    2046
    1991
    2081
    2037
    1996
    2077
    2071
    2071
    1996
    2000
    2040
    2055
    2009
    2100
    2036
    1968
    2070
    2045
    2016
    2030
    2047
    2004
    2085
    2026
    2079
    1994
    2120
    2142
    2055
    2080
    2056
    2002
    2120
    2082
    2069
    1973
    2076
    2078
    2170
    2065
    2092
    2043
    2016
    1990
    1990
    2067
    2101
    2036
    2074
    2026
    2075
    2001
    2103
    1971
    2052
    1980
    2067
    2030
    1952
    2059
    1980
    2033
    1931
    2035
    2087
    2064
    2018
    1966
    2042
    2044
    2041
    2041
    2017
    2013
    2096
    2000
    2050
    1999
    2087
    2007
    2024
    2008
    1999
    2041
    2012
    1978
    2025
    1999
    2136
    2010
    1917
    1971
    1968
    1985
    1972
    2050
    1992
    1994
    1995
    1909
    2015
    2032
    2029
    2043
    1998
    2020
    1972
    1994
    2086
    1991
    2011
    1951
    1982
    2030
    2016
    1971
    2047
    2052
    1927
    1927
    1975
    2017
    1965
    1961
    1982
    1976
    1990
    1988
    1966
    1993
    1917
    1932
    1932
    1951
    2029
    1885
    1883
    2007
    1960
    1924
    1990
    1990
    2014
    1961
    1940
    1988
    1902
    1919
    1957
    1982
    1899
    1967
    1928
    1901
    1943
    1907
    1888
    1966
    1989
    1888
    1857
    1908
    1938
    1871
    1982
    1840
    1963
    1901
    1947
    1841
    1881
    1871
    1848
    1872
    1832
    1904
    1910
    1846
    1829
    1884
    1904
    1820
    1878
    1791
    1766
    1910
    1789
    1821
    1840
    1793
    1765
    1803
    1835
    1793
    1833
    1696
    1819
    1798
    1799
    1723
    1790
    1771
    1752
    1779
    1779
    1840
    1673
    1749
    1697
    1716
    1762
    1776
    1666
    1685
    1622
    1629
    1647
    1655
    1648
    1593
    1557
    1608
    1633
    1529
    1548
    1561
    1575
    1587
    1432
    1569
    1435
    1470
    1449
    1451
    1440
    1439
    1368
    1325
    1344
    1421
    1315
    1326
    1238
    1234
    1200
    1218
    1221
    1220
    1118
    1085
    1137
    1071
    1015
     990
    1024
     965
     918
     942
     867
     846
     861
     780
     799
     697
     680
     651
     606
     618
     578
     527
     465
     466
     404
     360
     317
     322
     278
     266
     255
     222
     233
     206
     214
     192
     158
     176
     148
     153
     171
     151
     139
     132
     146
     140
     122
     173
     150
     158
     172
     145
     135
     147
     157
     138
     153
     147
     159
     139
     148
     127
     145
     131
     129
     150
     126
     153
     124
     148
     152
     138
     126
     131
     141
     149
     134
     152
     122
     146
     146
     144
     152
     133
     117
     137
     132
     134
     118
     134
     144
     164
     139
     143
     144
     135
     155
     129
     130
     116
     137
     110
     127
     129
     153
     118
     139
     137
     134
     133
     137
     111
     130
     120
     123
     111
     136
     116
     100
     112
     120
     136
     130
     138
     110
     119
     108
     105
     110
     111
     116
     137
     141
     123
     118
     146
     115
     143
     134
     127
     115
     120
     102
     109
     123
     114
     112
     103
     105
      99
     103
     108
      97
     137
     112
     120
     108
     111
     108
     113
     112
      97
     110
      88
      91
      91
     105
     100
     100
      95
      90
      85
      82
      81
      91
     100
      98
      80
      70
      78
      96
      93
      87
      99
      88
      74
      74
      86
      79
      79
      76
      76
      74
      89
      71
      68
      70
      56
      50
      72
      64
      56
      51
      63
      57
      69
      43
      65
      43
      39
      47
      32
      39
      28
      29
      40
      29
      29
      23
      27
      30
      14
      27
      18
      24
      24
      13
      19
      15
       6
      11
       8
      12
      16
      11
      12
       9
      12
       8
      11
       5
       9
      10
       5
       8
       8
      10
       4
       7
       6
       6
       8
       9
       6
       7
       8
       7
       2
      11
       8
       5
       7
      10
      10
       5
       5
       7
       7
      12
       7
       7
       5
       5
       2
       4
       6
       7
      10
       8
       7
       8
       5
       9
       5
      10
       7
       5
       5
       2
       6
       6
       4
       8
       2
       8
       5
       3
       4
       5
       9
       5
       4
       4
       6
      14
       3
       9
       6
       6
       9
       7
       8
       5
       3
       8
       7
       4
       3
      11
       5
       8
       8
       3
       9
       6
       6
       3
       2
       7
       7
       3
       5
       8
       5
       4
       4
       4
       3
       6
       6
       4
       5
       7
       4
       5
       4
       8
       9
       2
       0
       3
       3
       5
       6
       3
       2
       7
       6
       2
       2
       4
       6
       3
       4
       2
       3
       4
       5
       7
       8
       2
       1
       5
       1
       5
       2
       4
       6
       4
       1
       2
       2
       2
       7
       4
       5
       2
       3
       2
       2
       1
       0
       7
       4
       3
       2
       3
       2
       3
       5
       3
       2
       4
       2
       3
       4
       4
       4
       4
       3
       4
       2
       4
       5
       4
       2
       1
       1
       5
       3
       3
       6
       5
       2
       1
       5
       2
       4
       4
       3
       3
       2
       3
       5
       2
       1
       1
       2
       4
       3
       0
       1
       0
       5
       2
       2
       1
       4
       1
       2
       1
       0
       3
       3
       1
       2
       3
       1
       2
       2
       3
       2
       1
       1
       3
       0
       0
       4
       2
       3
       5
       4
       7
       1
       3
       2
       1
       1
       3
       0
       3
       0
       2
       3
       0
       2
       2
       2
       1
       2
       5
       2
       1
       2
       1
       4
       0
       1
       1
       0
       1
       0
       1
       1
       0
       2
       1
       0
       1
       0
       2
       1
       3
       1
       0
       3
       2
       4
       2
       4
       2
       1
       0
       2
       2
       3
       1
       3
       0
       1
       0
       2
       0
       0
       3
       0
       1
       1
       0
       2
       1
       0
       1
       2
       3
       4
       1
       0
       0
       0
       2
       1
       1
       1
       0
       0
       1
       1
       0
       0
       1
       1
       4
       2
       1
       0
       2
       2
       1
       2
       1
       0
       0
       3
       0
       0
       1
       1
       1
       0
       1
       1
       2
       0
       1
       1
       2
       0
       1
       0
       0
       2
       3
       1
       0
       3
       0
       0
       5
       1
       0
       2
       0
       1
       2
       2
       1
       1
       1
       1
       1
       0
       0
       1
       2
       1
       0
       1
       3
       1
       1
       1
       1
       1
       3
       0
       2
       0
       0
       0
       0
       0
       1
       0
       0
       0
       0
       1
       1
       0
       0
       1
       0
       2
       0
       2
       1
       2
       0
       0
       0
       1
       0
       1
       0
       0
       0
       0
       0
       1
       2
       3
       0
       1
       0
       0
       2
       2
       0
       0
       0
       0
       0
       1
       0
       0
       1
       0
       0
       0
       0
       1
       0
       1
       0
       1
       0
       1
       1
       2
       0
       0
       0
       0
       0
       2
       0
       0
       1
       2
       1
       0
       0
       0
       2
       0
       0
       0
       0
       0
       1
       1
       2
       0
       1
       0
       0
       0
       1
       0
       2
       0
       2
       1
       0
       0
       2
       1
       0
       0
       0
       2
       0
       0
       0
       0
       2
       0
       0
       0
       0
       1
       1
       0
       0
       1
       1
       0
       0
       1
       1
       0
       0
       0
       0
       1
       0
       0
       0
       0
       0
       0
       0
       1
       0
       0
       1
       0
       0
       1
       0
       0
       0
       0
       0
       0
       1
       1
       1
       0
       0
       0
       0
       0
       0
       0
       1
       0
       0
       0
       0
       0
       0
       2
       1
       0
       0
       0
       0
       1
       0
       0
       0
       1
       1
       0
       0
       1
       0
       0
       0
       0
       0
       0
       0
       0
       0
       0
       0
       1
       0
       0
       0
       0
       0
       0
       0
       1
       0
       0
       0
       0
       0
       0
       1
       0
       0
       0
       0
       0
       0
       0
       0
       1
       0
       0
       1
       1
       1
       1
       0
       0
       0
       0
       0
       0
       0
       1
       0
       0
       0
       1
       0
       0
       0
       0
       0
       0
       0
       0
       0
       0
       0
       0
       0
       0
       0
       1
       0
       0
       0
       0
       0
       0
       0
       0
       0
       0
       0
       0
       0
       1
       0
       0
       0
       0
       0
       0
       0
       0
       0
       0
       1
       0
       0
       0
       0
       0
       0
       0
       0
       0
       1
       0
       0
       0
       0
       0
       0
       0
       0
       0
       0
       0
       0
       0
       0
       0
       0
       0
       0
       0
       0
       0
       0
       0
       0
       0
       0
       1
       0
       0
       0
       1
       1
       0
       0
       0
       0
       1
       0
       0
       0
       0
       0
       0
       0
       0
       0
       0
       0
       0
       0
       1
       0
       0
       0
       0
       0
       0
       0
       0
       0
       0
       0
       0
       0
       0
       0
       0
       0
       0
       0
       0
       0
       0
       0
       0
       0
       1
       0
       0
       1
       0
       0
       0
       0
       1
       0
       0
       0
       0
       0
       0
       0
       0
       0
       0
       0
       0
       0
       0
       0
       2
       0
       0
       0
       0
       1
       0
       0
       0
       0
       0
       0
       0
       0
       0
       0
       0
       0
       0
       0
       0
       0
       0
       0
       0
       0
       0
       0
       0
       0
       0
       1
       0
       0
       0
       0
       0
       0
       0
       0
       0
       0
       0
       0
       0
       0
       0
       0
       0
       0
       0
       0
       0
       1
       0
       0
       0
       0
       0
       0
       0
       0
       0
       0
       0
       0
       0
       1
       0
       0
       0
       0
       0
       0
       0
       0
       0
       0
       0
       0
       0
       0
       0
       0
       0
       0
       0
       0
       0
       0
       0
       0
       0
       0
       0
       0
       0
       0
       1
       0
       0
       0
       0
       0
       0
       0
       0
       0
       0
       0
       0
       0
       0
       0
       0
       0
       0
       0
       0
       0
       0
       0
       0
       0
       0
       0
       0
       0
       0
       0
       0
       0
       0
       0
       0
       0
       0
       0
$ROI:
1
26 63
$PRESETS:
None
0
0
$ENER_FIT:
-40.692581 0.770317
$MCA_CAL:
3
-4.069258E+001 7.703171E-001 0.000000E+000 keV
$SHAPE_CAL:
3
4.268909E+001 2.500139E-002 0.000000E+000
